-468.08914	21.934818	28.187038	19.418373	-17.070877	40.767567	-0.12926775	20.529236	6.936143	-8.94271	-2.463814	3.5478594	7.8329325	-10.693911	2.257417	32.171642	20.37236	7.043579	-2.4401846	-0.61701167	6.85323	2.7682726	9.641159	-3.766419	5.464715	15.260619	-4.882385	0.7277875	16.782524	-0.9545819	-5.6618032	-13.214815	8.725222	1.6575661	4.4080343	1.1942772	0.9542483	5.5363145	-0.83334094	-5.076577	-4.5988207	6.1940346	-5.09828	-4.160559	1.5706768
-401.7456	-2.6858857	38.303566	19.428719	-12.945887	44.56235	0.99533266	10.59584	7.630415	4.0113144	-3.984083	-0.9250792	8.167867	-7.0499077	0.6865076	20.408747	9.763702	11.149145	3.090538	4.516597	-1.7295887	7.687174	10.956564	1.2653179	4.064838	10.095758	1.8147811	5.4989376	17.405052	8.198406	6.3031406	4.257494	-0.71609604	1.0454569	-2.490855	6.348383	-1.3114538	-3.8374734	-2.0227225	-2.6813464	-2.3668265	-0.9459319	-8.30383	3.3441215	3.335894
-375.075	-16.93344	50.572563	32.669792	-5.0524855	46.34998	8.624267	15.308662	8.433339	2.791743	3.0429068	-10.322275	8.359742	8.536766	7.368024	8.543529	-1.4926856	2.5088522	1.7897712	-2.7451942	-2.60002	-2.5950086	6.0349483	9.085688	3.5847592	2.4856782	9.406631	5.9610343	6.021727	-2.0159576	6.6647844	-2.0721378	-8.523729	0.7047584	-0.24443316	-2.4388099	-2.0628328	-6.5425725	0.010207415	1.8143389	2.8775635	5.70721	2.8730202	2.7864885	-0.10597044
-355.9186	-4.0645685	65.23158	38.277412	-21.763693	26.59388	-2.084971	9.36227	10.510082	11.287293	14.432959	-2.8848186	12.64941	-3.1120608	-9.789101	-4.861169	-12.842069	-1.1799384	7.569908	-4.528302	-6.6666336	0.20029259	11.066033	8.730155	-6.674804	-2.739679	5.6819267	-0.45371267	14.174668	6.6984186	6.4378	12.777013	3.0178773	-0.18351102	1.1859033	-4.9886856	5.060232	5.841096	2.006043	-7.314385	-3.12196	-0.25506568	3.9596663	10.457915	2.1195502
-343.21936	7.356207	50.234344	40.81746	-28.779064	20.760643	-7.9999638	-0.43598473	6.1476583	7.225979	4.7055206	-9.953964	11.141043	0.8789433	-1.7720228	-9.881041	-10.545704	-2.1978102	2.4728742	5.709355	9.272476	-1.995243	-2.7584543	8.400166	-6.8107567	1.7115012	8.892796	-1.543389	8.909442	12.73362	3.2320995	5.972377	2.0762799	-1.7134355	-7.250701	-7.816992	12.166725	-1.559896	-0.5244702	-0.7743952	-0.1359117	3.285133	3.330258	3.524025	0.99060285
-336.70673	28.86232	41.22148	40.014534	-39.624107	12.762905	2.5133593	8.122637	1.9560922	2.8418264	3.373735	-6.71961	10.0534115	1.1431322	5.8330564	-3.7444549	-0.81750774	2.5877352	5.338005	9.93894	9.223761	-6.433885	-6.298345	11.275471	-5.562519	-2.6649582	6.077248	-2.243028	11.881447	4.038344	-11.058707	-2.711538	-3.2163143	-4.751137	-2.5030766	-1.6337805	9.080703	0.7802556	2.5826855	1.7448854	-8.373795	8.500185	1.0807688	-1.670678	5.6788454
-350.46207	43.50665	32.65146	39.96881	-38.838856	13.374725	5.672802	3.1257076	3.8692636	8.523322	-2.0942385	-5.611082	8.467701	1.6167562	5.919965	0.70869356	7.372896	9.055355	0.7676917	5.680911	5.074029	-8.382345	-3.5494237	7.4913583	-4.8154364	-0.51656365	4.281404	-9.738348	-0.30536944	-0.40664274	-8.460983	6.991461	-0.972644	-0.643895	4.52844	7.4123855	3.5852075	-1.5983772	2.257409	-3.6625452	-5.3818126	0.9976697	-1.0130862	0.66031265	9.104436
-366.05887	59.159897	36.995544	54.646473	-30.604958	20.354923	12.974415	0.5044863	-1.0343726	7.686172	-7.8826623	-12.909286	1.9220144	-2.003072	9.544368	5.7576485	3.6100535	-3.038138	-4.227626	0.3749997	-0.5093119	-11.521303	0.058772467	7.626134	-0.29331565	7.7403717	0.41092932	-7.797855	4.890697	7.824729	0.7535119	6.5658207	0.6051419	-0.77682847	8.406689	8.29885	2.571412	-0.899441	-4.1169944	-5.2341566	-3.4417253	5.823943	-2.6799023	-6.021903	-2.6136878
-389.756	69.71104	45.362312	71.09776	-24.358866	23.137703	15.61025	5.5385656	-2.181114	8.449877	-9.728905	-20.074001	-7.4405904	-3.9546552	0.9477285	1.844202	8.816922	-3.8467746	-4.6938887	10.121889	1.0115858	-7.5495152	0.64473534	4.9703746	-7.101487	2.2630336	2.8935585	4.750703	14.069841	-2.060941	-7.6601863	1.061871	0.4375109	-6.4067893	0.61872673	-4.957642	-1.5840888	2.5055768	-0.25515306	3.3599114	1.961343	3.9235034	-6.381867	-8.088464	-0.63302183
-385.49484	85.3889	50.948257	83.672844	-23.828094	22.120857	17.013256	0.5434284	-7.549046	0.0017001629	-7.4383426	-10.965803	-5.0969696	-0.71051407	-0.52320266	0.92727876	9.297443	4.239749	5.085847	1.858449	-5.628423	-14.600904	-5.606785	-0.9662776	-3.678054	2.9390514	5.2667727	-0.9394552	8.574615	-6.62945	-1.1777703	5.208349	-4.750865	-7.7244954	0.83714485	-4.4240637	-2.729584	2.31781	10.307798	10.777527	1.9997249	-7.9044123	-7.287923	6.1492667	4.961176
-375.92676	98.252975	42.208557	90.158966	-34.596382	16.834091	4.876939	-19.596333	-0.8281078	2.9186912	7.405648	-2.012399	4.8463373	2.8065841	-4.270256	4.790733	11.950851	-3.6887245	-3.0963933	8.099245	2.3686361	-7.031605	0.26842242	1.0053184	-8.055866	1.2497318	-3.447392	-1.3181272	2.2933884	-3.1521392	-2.9127235	-3.6968215	-7.6572714	-0.26976952	0.46039346	-6.4046855	-1.493364	-5.460249	-2.1515756	-2.6256866	6.175249	3.177405	3.075564	8.1518545	5.089677
-398.93753	88.00677	46.29969	97.431915	-41.963383	13.929018	6.308097	-24.392334	-1.3551705	-5.143928	-8.901819	-11.242846	-1.4118881	-1.8436534	-11.743177	5.707275	12.914526	-8.157665	-2.6068392	2.895294	2.7361054	0.299659	-4.346314	-6.848356	-5.731393	-1.803285	-9.309021	-5.2177477	0.64991736	-4.233407	-13.616515	-2.1307178	-2.8717294	0.56765306	4.4908805	-4.805007	-3.0741694	-4.6852627	0.10078752	-5.477115	0.59228384	-5.230084	-5.7663407	-8.566071	-4.055789
-402.5441	95.7946	55.524426	102.50983	-35.405617	25.447556	21.355532	-30.411755	-2.734309	-9.0586405	-11.380595	-10.530665	-5.486809	8.188128	-11.090216	6.172502	7.0769873	-3.3303	9.601604	1.5414996	6.5767765	4.639967	6.798272	-4.5480347	-5.9364395	1.1840992	-16.834785	-5.497175	0.37003234	5.6792417	-4.7845373	6.0381875	5.2881074	-7.7611856	0.7483678	-9.156828	-6.1645927	-8.3421755	-0.3621344	-0.867695	-1.5212629	-7.375483	-0.68391466	3.0477688	3.055625
-413.97684	99.754074	51.014412	92.112526	-29.91729	30.314083	16.27311	-28.631691	3.725333	-4.3337016	-7.8629804	-11.340046	-10.570572	-0.98618686	-9.942476	0.9325569	4.1080937	-7.894934	16.629879	1.7348759	4.1193576	7.9403596	4.289847	-6.0962057	0.09280476	1.6003057	-12.148717	3.191944	-4.7920303	-0.09543872	-6.4491343	-0.90668404	-2.0565903	-5.0264006	4.38461	-8.268217	-2.8264546	1.0967245	-2.145759	-10.461763	1.7572079	-3.0764983	1.1535813	-1.0284193	5.8144093
-388.26624	91.2648	38.734352	80.55596	-13.451781	31.707098	5.708697	-30.150826	-4.8471584	-2.2497869	-4.9479513	-3.2015014	3.5740464	-6.534977	-14.529337	-2.5633926	-1.4828646	-4.965671	5.462634	-3.234683	-1.8381376	-6.3528223	3.2312996	-2.218477	-3.3694649	1.0991889	-9.125513	-8.496695	-4.5130706	-5.8142157	-6.0792513	4.4349155	1.9133054	-3.142409	2.755537	-6.9902387	-0.42080656	5.7341776	8.707001	5.9208384	2.2185683	-10.893539	-9.012564	-13.216476	-1.9723836
-387.53586	95.64134	51.946785	91.89046	-38.755367	11.829697	28.944069	-24.278084	-7.371027	-0.985212	-8.156118	-0.7315794	-2.8260598	2.1458945	-5.240098	1.1957409	-2.5350869	-6.6265945	4.8952007	0.52883554	1.041648	-0.31388283	7.764362	-7.734888	-9.822672	3.0197158	-14.618176	-9.758012	-4.472427	3.8692055	-5.783886	4.8636775	7.2287974	0.5378628	-4.751054	-5.646862	6.1339855	6.630218	0.13212395	-4.1791534	-0.6360388	-1.8402244	1.1207185	-8.701696	-3.679387
-391.8202	103.42224	32.690865	102.291534	-41.95894	10.674776	24.911411	-26.669003	0.9521122	-2.174438	-12.933956	-3.20467	-10.361866	10.521263	-7.690201	9.064665	8.268169	-1.8941476	11.939335	-6.4435363	2.2989364	-3.5720758	8.443615	-3.2051551	-6.7595396	3.2250032	-5.9302826	5.82533	-1.5721579	-6.7361016	-12.40341	-0.96416587	5.320031	-3.6919641	5.265706	-14.419628	7.665998	0.7141442	3.9386203	-9.522129	-6.792384	-3.7961152	0.894474	-3.6837206	4.374176
-390.85043	101.29576	28.52363	106.56983	-38.445267	16.723732	25.509958	-23.608433	-6.0274816	-3.1903265	-10.833012	-1.7114731	-19.791176	-1.1059413	-14.560232	3.4255002	10.187162	-2.539785	10.474638	-1.8599416	4.9581676	-1.469987	1.5752177	1.8570117	-5.6784544	2.7608757	-10.213769	-3.4298007	-6.2941093	-5.3325405	-3.2862022	1.4264221	2.2478158	1.9907981	10.020224	-10.664621	-2.1204028	-8.029772	-1.5383687	-8.701348	-1.9580075	-7.592596	1.0765837	-2.7569933	5.105833
-336.76215	84.98422	28.50916	79.19821	-15.203192	10.492424	12.21831	-11.592653	-2.8127532	-4.6174817	-4.306406	-6.998458	-5.520382	-0.42384085	-7.418398	1.7064137	2.8256197	-2.473308	1.7286892	2.129547	1.6720251	1.2657683	2.460442	2.3145835	-3.0396218	1.8183336	-3.247034	-7.0994143	0.015134096	-6.9297457	-2.408582	0.2437906	-3.1915874	-3.7861192	-0.22331703	-1.8250229	-0.6366816	-2.3387907	-2.032857	-1.4948072	-2.9716377	-4.262225	-4.829437	-2.5507736	-0.87568414
-361.3201	101.59047	29.773605	86.22961	-28.591629	13.031538	18.367386	-20.518135	-4.023341	-3.247147	-5.215766	-5.30999	-7.8043594	7.36901	-11.114491	-3.1676357	1.1217364	-11.41197	3.3701477	-1.1860876	2.3260155	-5.3404703	-3.171446	1.291091	-9.361602	-0.5250324	-9.039211	-5.8929253	1.6429064	-5.7973423	-5.900058	-0.40624875	-3.540482	-5.8976064	-0.26932406	-1.9597017	1.1975205	1.2289087	6.7545366	1.7145343	1.2766747	-6.998393	-7.0031614	-5.2503567	-0.84252024
-359.8408	103.361725	20.80175	97.56111	-35.320446	5.5723143	14.59248	-14.284773	-10.173813	-0.6492874	-2.9480426	-4.3166723	-8.860136	1.1007862	-11.287754	-2.4781477	11.20504	-7.412372	8.688389	0.763474	5.390235	-6.7380786	-2.6068473	5.0326977	-7.6229143	-0.40581942	-10.739087	-3.5706344	-2.0127532	-10.123222	-1.557025	2.057439	6.683353	-0.9884689	4.1912065	-10.895361	1.2830371	2.4192367	3.7206914	-6.4945464	0.4121151	-2.1442573	1.5765047	-2.9708583	-3.9531887
-375.69467	107.30911	17.690102	105.725266	-27.491459	-0.13662155	21.272427	-15.090889	-17.520866	-1.6855241	-15.291218	-5.0322957	-10.175332	4.020731	-8.991101	-2.5627947	16.178955	-5.476656	14.335468	-7.022314	-4.0607314	-14.397099	-1.3197811	8.904671	-6.7754116	13.153814	-4.187429	-4.9717193	1.0096605	-12.793247	-6.859208	-6.3246336	9.196369	-1.4368234	2.8012302	0.6796082	0.18230975	-4.458803	-6.397872	-2.7037957	-2.0068123	-1.4318523	2.7095346	-3.3180118	-0.95690477
-389.11572	117.91626	12.120476	101.18937	-19.517681	-6.543193	30.134436	-4.318236	-19.118546	2.1278596	-14.157066	1.030856	-10.454117	6.272311	-1.0520998	-5.723773	9.642977	-9.523593	10.991	-0.8498701	5.2320395	-9.258967	2.081581	13.745394	-5.6897583	5.228599	-7.65093	-5.6514454	2.6989522	-9.1127	2.4558358	-7.0557947	1.8484066	-8.014427	2.232621	0.30131721	-2.4913545	-2.446847	1.5938435	-3.149786	1.6614788	-2.72617	-1.979868	-6.688414	-1.3363186
-425.75217	122.010025	6.68649	84.138245	-8.863979	-24.46067	25.63136	-13.603083	-13.961203	1.1637702	-5.105446	-6.7314353	-7.6320233	10.752096	0.7102649	0.24548668	16.904396	-8.950113	1.7949948	-3.5799434	-3.408074	4.8132434	-6.0073977	1.762449	-8.6174755	-8.687237	-1.4540261	-9.227112	-2.3008997	-1.0204996	-0.28069246	-1.1655691	6.5832396	-0.63316643	-3.2256155	6.148349	-2.3234167	-1.3502505	-0.064192295	-3.5612597	-5.2123985	1.0125139	-0.68772465	-4.2025633	0.66938215
-568.832	155.34027	39.273575	59.510803	0.9495605	-5.834869	25.467014	19.523117	-4.8492174	6.7994957	3.621258	-13.005057	-15.416828	6.5688725	6.7631855	1.6625553	-3.6370044	0.5016813	-0.65648377	-6.8917203	8.301724	4.905885	1.3927727	1.2600032	1.7542205	-6.373253	-4.4604597	-1.9325445	-0.6059424	-0.40598536	5.0441523	1.5882502	1.6115029	0.20027047	4.4612412	1.9244739	-2.4234438	-4.3869452	-8.496448	-5.542914	-0.7356194	2.6489327	-3.593831	-2.3358135	-4.3601108
-533.63184	177.09555	18.017336	46.598022	16.912865	-4.265523	26.248024	15.102581	-14.138202	10.799561	-9.524267	-25.29071	6.4825335	6.0873423	-2.599179	-2.7980285	-1.8276072	10.535454	1.6690596	-8.976999	0.83563733	2.078759	1.570372	-3.8602054	-0.88104105	-0.75254333	-8.323822	-0.6466	6.9689455	1.4033653	-0.28410476	4.520851	1.7020606	-1.7229465	0.03994444	-2.4012158	-7.06229	-3.8966606	-3.9166594	-0.24940825	-1.8718433	-5.5239115	-6.551226	-0.5455586	-2.5406613
-529.8577	174.74664	14.521336	54.006416	8.481119	-15.190552	32.181793	9.7621355	-13.480272	10.589472	-19.712894	-33.04992	6.3854985	7.7267723	3.0219502	-11.453909	-0.25365424	-1.0636967	-3.0612464	-2.905112	-0.8639274	-3.0990624	-5.952901	-0.37059522	1.8357008	4.967394	-0.9307686	-2.1659193	-7.338061	-5.0992975	2.5325842	4.082645	5.867791	-6.6779423	-6.1223836	-1.8206767	-0.19208926	-0.041476846	-6.8445635	-3.3438468	-2.5907936	-1.1385006	1.2722502	1.2051339	-3.9126568
-515.34595	162.26785	21.864445	59.98542	18.496172	-11.229033	28.152966	12.126579	-11.490762	2.9624815	-14.170777	-27.740814	16.770224	13.927282	3.4909961	-10.424458	-7.9105864	-4.954697	3.393591	-3.8728871	8.303848	4.4059215	9.013488	-3.6236744	-2.1296642	-0.12949926	3.9847636	2.2679539	0.77880514	-1.6198664	-6.0625405	-9.055291	-4.7500973	-5.4803667	-3.836043	2.707845	2.278022	1.7394068	-10.327602	-1.455204	-4.9641824	-3.7305512	-3.1109586	0.37566304	3.085217
-500.80353	160.6655	11.215498	40.321236	12.798817	-2.8453321	30.369362	4.2097883	-16.78758	5.689785	-4.30801	-21.8866	8.497665	5.369234	-3.2767668	-1.3944852	-3.0034995	-5.499529	2.3258944	-4.39509	0.20463705	-2.1964436	3.85291	-2.3435345	3.9993515	1.1332307	2.4388387	-1.6205733	-0.68601	3.3768122	0.7092613	-2.9930315	5.310868	-0.19087842	-4.930214	-5.902851	-0.97629416	4.9297915	-5.8438315	3.5528991	-2.7893763	-6.118475	-7.773652	-5.8303437	-3.6420367
-525.4295	176.2442	13.1740885	57.05593	8.942309	-15.991799	29.427704	13.530783	-9.531758	2.8545372	-23.575134	-26.612152	3.282126	10.262599	-0.567524	-4.3907228	-3.6183414	-3.5114577	-5.4154577	-11.437883	-7.1763544	-4.074095	-2.2997794	-3.8344717	1.7240528	-2.7214866	0.38788065	-4.189989	-3.6740003	4.1347666	4.3042297	6.7353663	11.604965	4.759884	-8.087075	-7.392913	-2.125628	-0.036962032	-4.8388076	-2.5462942	1.2268801	1.7938433	-1.1271487	2.190156	-2.0165374
-530.1797	175.88809	25.88768	56.966736	8.946213	-18.256998	24.979069	13.720049	-12.261913	-1.4180877	-21.88763	-20.144367	9.57692	6.419729	-12.777908	-10.382265	-0.74712944	2.6936283	0.004921168	-13.506426	-4.5066376	2.2756991	4.543477	-2.5703795	0.35470474	-0.2060585	1.1765823	-4.5553265	-6.7547107	3.947085	4.9593415	-4.633793	-3.8158975	-4.0168877	-5.202486	8.687485	3.0695007	0.26074147	-5.2744684	-3.3937063	-1.6855879	-4.3274784	-1.4905254	9.089867	2.645946
-522.05634	177.63263	12.57847	43.27767	14.909053	-11.681463	14.769477	16.847258	-7.780014	6.9221764	-14.035693	-15.825071	12.760405	9.51796	2.463946	-0.044359922	-5.17394	-12.6647	0.31236777	-4.131894	1.4360974	-0.8915956	-2.3375041	-3.2306056	-3.5657353	3.0061183	5.986157	5.7000794	0.109030366	3.8427935	0.6600838	-4.9078345	-1.9787306	-0.33775404	-13.1281	-4.871667	-9.168814	-2.1204586	-11.445597	-12.065615	-6.3378687	-6.579356	-0.49734426	3.598913	-1.582648
-550.0191	171.34857	26.195786	49.861397	11.293617	-9.094778	23.496727	23.396128	-15.418194	-7.1698914	-26.51878	-16.022423	14.075003	14.750088	-2.1618185	-7.77124	-1.9646525	-0.9451734	0.7442262	-4.6860466	-0.14601922	0.5542033	-0.47131324	-2.6013227	-7.029315	-0.2542129	-1.1291372	-10.127524	-10.090536	-0.60754967	3.9314141	-6.3336563	-8.557194	-2.802066	-10.249924	-2.9823117	-2.80674	-5.8372755	-9.780422	-9.287994	0.27468887	-2.1503077	-8.057924	-8.053951	6.173028
-545.2765	172.96152	22.987423	50.71582	13.0816555	-3.367517	22.328043	14.184996	-22.870909	-7.192706	-19.410023	-16.321756	6.9648314	10.655883	-1.6211966	-2.8769789	-2.738916	-8.361807	1.6074476	0.9829223	1.8392524	0.5015534	-4.9167395	-6.486173	-5.7645206	-1.5461495	0.865684	-3.6684113	-4.192024	4.593918	1.2378836	-6.9709167	0.29247212	2.9207654	-8.290966	-4.087003	4.164309	2.4319816	-1.2767134	-9.414112	-8.307965	-2.8599923	0.78823	8.322336	14.345699
-549.89264	165.13385	12.238102	38.638687	6.4466834	-0.6812718	23.468504	15.06893	-20.842464	-3.9028046	-6.719614	-11.429367	12.876467	2.710692	-1.3799598	0.9560184	1.6505015	-3.0398865	-1.2454684	-3.0738397	-6.284687	-5.0692854	-4.1287456	3.9104116	1.3003005	-4.5332136	1.2483044	-6.99539	-3.7897637	-1.7180331	0.26394105	-3.4996529	-8.635773	-2.8534951	-8.598739	-2.1409538	-4.850625	-5.634717	-3.005838	-6.815354	-0.29249287	5.3313828	13.458698	17.603912	15.522014
-563.00696	162.52078	23.32729	42.96586	4.7194953	-0.56343615	22.710304	19.804832	-11.127316	-3.4924605	-14.165619	-18.859066	14.461422	5.9137774	-4.1610923	-4.301713	-2.111799	-0.16449022	-0.43887118	1.4939214	-4.157664	-4.772551	-6.0431976	1.4196725	-1.9370961	-9.411203	-0.028575301	0.012057513	-4.1956353	1.918867	-1.0567415	-2.022375	-4.0556664	3.0447285	-8.207945	-6.54915	-5.3516912	-2.8523822	6.0916333	1.0386984	12.551832	16.863321	16.278706	9.349285	0.3392496
-570.87665	149.81677	25.612064	39.01454	2.1614578	-2.8006592	18.002468	15.171186	-3.5009258	3.7268608	-6.592025	-5.2280316	16.19188	2.0383427	-2.9266033	3.8447404	-2.130557	-0.9811456	-6.9522915	0.5630021	0.38962317	-9.796743	-7.616004	-1.7014933	2.5221996	-4.1126127	1.4842045	1.2246218	-5.2749496	-1.4237034	-13.559319	-14.496773	-5.4991126	5.5071206	-8.968727	-7.954934	0.7521238	9.594832	17.780807	12.390319	11.93097	6.5599027	2.9917703	3.1144328	-4.4991326
-576.2732	151.8436	36.500244	52.59633	11.163145	-3.8308928	17.91774	20.19099	-3.9591467	1.4566942	-16.038788	-13.976003	16.705305	9.254845	2.5316982	-5.5020766	-16.697617	-11.746733	2.0399923	4.078705	3.3757365	-2.0554934	-3.3415236	2.0581064	-4.882029	0.46096474	8.98174	0.77967334	-6.734313	-0.2781973	2.2088296	2.7714024	-7.678549	-3.6702056	-7.855051	-2.7160957	-0.7583809	7.3496094	15.344903	9.115471	2.5620956	4.296255	-0.78840494	2.0140934	-3.2320027
-574.1654	142.53795	30.509684	55.318207	5.875182	2.2327743	13.913021	14.932648	-10.70734	0.25339425	-7.7714796	-2.4424832	16.342506	-0.18158673	-12.40406	-3.9392629	-6.664355	-6.683257	0.89240354	-5.733671	6.1856194	-5.2483454	-13.638792	1.8506839	6.8284397	0.37921166	4.7437615	-8.400103	-10.116402	3.858539	-0.44044316	-0.5304363	-1.654216	7.439902	4.8376637	5.6128283	-6.169356	-1.5658256	10.230715	4.263616	-0.85762227	1.103159	-1.3106401	9.274158	4.110802
-583.41394	138.26755	31.873158	58.093033	7.44872	7.817702	17.819426	17.197973	-5.8674984	1.6287516	-8.597205	-5.2221584	13.398813	-2.0344205	-13.63028	-9.205708	-10.894865	-1.4648656	8.137321	-4.358594	1.5582473	-11.18932	-13.738525	-2.112641	7.452266	0.16130257	10.4534445	6.392104	4.4095798	10.285494	4.7337356	6.5664554	6.3672104	3.2377596	-2.4448457	0.2891366	-1.2025055	-0.7702908	1.7560087	-6.3566265	-2.3408053	0.91629595	-4.826991	-4.7799206	-0.15601349
-618.69354	130.24228	41.972713	48.48197	19.242994	24.98037	17.24321	4.653839	-15.388491	-4.7086177	-11.946167	-4.9203825	3.666922	0.38188457	-6.2841806	-6.188796	-0.69885236	1.4277444	5.057695	-3.7567844	1.2650535	-5.507209	-10.270753	-1.6607481	6.3092413	-2.0516768	-1.1655693	1.662232	15.61598	26.840939	17.884634	8.630524	1.2142116	-5.8838944	-1.9617829	-0.9097558	-4.2753296	2.2786055	4.7286525	-1.7155154	-1.8800542	-3.4526615	0.34956664	-1.7662357	-2.4743967
-639.8071	131.08661	65.74494	53.400543	27.611156	22.261318	2.4787447	-2.1224177	-10.599998	-6.75465	-4.320545	-0.09027511	-6.6130767	-6.928424	0.21876127	-5.594935	4.012494	6.410442	0.9762939	-5.0410433	-1.6809932	-6.6846523	2.2239532	-0.37066588	0.9366051	5.561169	1.5850034	5.374164	15.62834	15.923109	-1.571356	-0.86513394	8.355483	1.8500143	0.38880432	1.5852545	-1.8091968	-0.7901803	-0.28997493	-1.701734	3.0026321	-4.8867702	-4.222375	-0.46269572	4.3385363
-663.7012	108.05556	58.421104	60.952072	41.009712	29.15403	6.6576605	2.8109806	-4.56977	-6.182996	-14.06389	-12.459258	-13.495563	-6.1385255	7.8837647	9.556745	8.873706	11.627727	2.3441536	-2.0779707	-8.044571	-4.8426743	5.469618	-0.45720074	0.33788025	6.923479	5.310668	19.281038	10.788966	5.85874	1.6135352	-1.6024597	-2.2640123	2.0016503	-1.2647111	-0.31741178	-3.8913283	-4.255288	0.7871182	0.2676163	1.1288819	-7.9541025	-6.393107	-3.894847	-2.2635496
-678.4937	98.20949	55.590446	51.021263	30.761559	19.15955	0.66280675	4.449671	6.545644	9.081893	-3.5358262	5.801065	3.5298052	-5.0443935	-6.824667	-2.9048333	-5.098358	7.184398	6.3443356	-1.3748472	1.4023935	3.829096	10.4051	12.529264	6.9236174	6.98165	2.5623236	10.136667	9.072683	-1.1520956	4.7702055	3.4975312	0.5861303	4.0922375	-0.30999464	-4.2303996	-6.9930415	-2.2262897	-1.8620379	-8.155899	-8.210571	-6.25373	-2.3979487	-1.4917816	8.545867
-689.7054	89.04125	42.357147	39.025368	28.49147	25.864527	11.578183	5.192511	8.471966	12.526469	6.230816	3.674378	3.4236555	2.2257023	-0.7616447	1.6423049	7.420197	8.314094	3.7374225	-2.6421251	0.08473015	5.7684765	2.496657	15.534756	8.346974	5.097014	9.849022	7.517927	4.4016542	-4.3229117	0.21437982	0.35060084	0.07414712	-3.619573	-7.893811	-6.6894293	-3.6067786	-4.860863	5.5739326	1.1942163	-4.0691037	-3.3813736	-2.0336206	-6.01272	2.8968844