-547.58075	42.639893	-3.8209558	14.517228	-17.392578	38.377686	-11.698561	16.323982	7.057601	6.2412596	6.95208	6.0429773	13.747288	-0.060164988	9.228254	4.8281746	9.128743	7.0495358	7.143345	7.6489296	7.189286	2.4148433	8.648214	1.6091634	2.3665376	4.0963817	-0.024657309	-2.730383	5.11157	-3.0093358	0.15516353	3.5573964	0.9531977	-1.448469	5.408607	-0.10936591	0.7933668	4.367341	3.2858405	1.7434134	-1.3856136	0.18392634	1.8423278	0.34326285	1.139423
-507.8071	10.122295	24.491714	0.5882468	-1.9535235	30.743408	-4.6864424	14.204393	8.590641	2.486195	10.684687	2.7607474	15.6036625	-0.754354	9.945576	5.9743404	7.5818124	8.193575	9.087134	6.0686026	5.989688	4.122489	5.6748447	5.6718903	1.3120482	7.6328125	-1.8987954	-1.2610768	4.9572825	-4.558053	2.245751	-0.8973427	0.13728559	-4.3144026	1.4733856	-0.9221817	-4.157096	2.6539905	-4.862853	0.272836	-7.2629237	-2.8474872	-1.7785304	-0.22836155	-0.36314562
-541.0435	-59.989006	72.47244	45.359226	8.315676	29.129318	3.5782642	15.445204	-7.9017134	-0.89310974	16.077301	1.4730822	16.17847	7.051067	6.7809763	6.9235396	8.745035	9.591081	1.0425961	-3.183426	2.507243	1.2004479	6.8830357	14.332744	1.7122452	2.6490645	2.6268773	-1.1064488	3.227668	6.9805303	7.6136885	4.623859	0.7667723	1.1318372	0.5709243	-2.7786922	-2.6885054	-1.6708944	-4.0843873	0.7945838	-2.244648	-0.69983864	-3.845836	-5.5319753	3.7159052
-456.28214	-31.750673	61.193535	20.388752	-21.613934	16.781477	-9.988047	9.132816	-3.9068673	2.7463756	7.0052347	-5.6307573	17.517927	4.114913	0.20470381	-0.30618787	7.67752	5.6183767	4.8420362	0.59345317	2.535448	-3.1022887	1.6030034	10.897854	0.1521039	2.562973	4.5126166	0.32901716	2.4444108	10.368649	0.40836814	-1.158547	6.301518	0.35136676	-2.6883254	3.6475568	1.5679479	-3.0896761	0.32041526	-0.28302413	-2.1243367	3.2762785	-0.6340394	-3.261057	-2.2814023
-447.3027	-37.076153	59.09018	29.64611	-21.617868	19.800978	-5.6380944	9.492559	-1.4823806	4.271432	9.639138	0.6089751	18.446053	1.731413	7.3407226	0.19505891	4.947775	13.728982	2.4204123	-0.08353901	9.4556265	-5.581945	1.5574942	10.758297	-0.12086791	4.428195	1.7789335	-4.5314426	8.573904	15.003483	-5.880926	-1.4729159	7.0868697	-3.2026029	1.3486204	1.0655274	-0.892504	-0.64790845	-0.4104818	1.9363978	0.5532531	-0.13562083	2.996616	0.3950745	-1.2661664
-478.16187	-60.792305	47.248116	44.840015	-6.351928	36.832268	10.954674	17.094107	3.6101615	20.304613	17.030708	-1.4869132	16.093943	-4.0844183	7.5374546	-1.1467853	-0.7755711	6.5799026	-6.1068096	-5.580087	9.134586	-1.8056071	0.58354163	14.254808	-0.95430946	0.32475218	4.4613023	0.5157027	11.236752	8.168528	-5.552518	-1.912895	-0.1311518	-16.536932	-3.5074234	0.5654974	5.7503552	6.0942893	4.692087	9.030221	4.7918043	4.7167206	4.2489824	-2.700698	-2.6415458
-454.22565	-0.265836	63.677574	78.824356	10.697221	31.158638	-2.4846683	5.4483743	-10.425145	2.7724044	2.012319	-10.457492	2.6829274	-9.795491	2.9411738	4.4435196	2.4624686	10.732693	-5.4027643	-3.3030405	-1.6198268	-8.78694	-4.0029044	5.5206227	-12.055546	-14.093622	-3.8913376	-7.69901	12.326265	10.588567	2.3602386	3.7317045	5.9919786	-3.11329	-1.1636052	-4.971936	3.4685504	-3.143374	-1.9224072	2.624811	-4.1378827	1.1187723	0.8824543	2.1533377	6.155315
-425.77304	48.94416	58.025055	80.72246	-5.1388917	14.555337	9.250704	-1.4314837	-10.555235	6.7939053	-6.0765505	-8.73104	8.69031	-13.985385	1.3208895	-0.8953434	-2.445088	8.130236	-3.2430992	9.558125	0.0060589314	-0.7140498	2.9808738	0.5148792	-10.278809	-5.6414604	0.102657855	-10.615782	14.107307	3.3734171	0.54748046	3.8456373	0.5268033	0.3383571	3.5825903	-1.9217858	-4.060732	-3.5182154	0.27942234	6.355153	-2.2338922	-1.018434	5.6221485	2.9449763	8.914862
-423.69156	59.66337	47.198067	112.725105	-34.29931	6.1999483	23.79238	-7.664566	-12.510479	-4.6543946	-12.2708645	-8.793184	5.078907	-4.5401626	4.3807883	-11.108265	14.706003	1.9171603	-3.59423	1.8110894	-7.137563	0.08317578	-1.6838989	5.8076262	-2.636717	0.8121686	9.89045	-3.7492259	0.26597977	-5.9630127	-7.4573407	-3.0589564	-0.7847104	-3.926794	0.10805583	-3.0272803	-1.312541	-1.048453	-3.57787	0.66014725	-6.7101316	-0.7081468	-3.9195378	2.8872323	9.742849
-402.54413	64.158066	27.924692	117.45468	-37.677204	4.865349	32.022823	-15.969784	-11.155417	-4.5570583	-10.274069	-5.8621635	-6.8867626	-4.261809	6.0842743	-12.99694	15.004328	-13.3315	-6.7666674	-6.7496834	-9.163792	-2.0032802	-5.964118	8.016569	-7.375732	-0.3841504	3.138422	-1.926831	4.6204243	3.733119	6.205167	7.346523	4.9128523	-6.6599092	-7.669082	-9.38356	-3.4815977	-2.4819465	0.009155039	2.8638613	2.4776506	-2.6595354	-2.2976532	-1.3007398	-0.8789378
-401.1869	61.389122	23.233799	120.86832	-33.52283	16.528496	31.57442	-14.1863365	-12.390143	-3.662427	-13.498613	-6.8788085	-7.1523895	-4.068365	7.415901	-12.612129	12.245554	-14.627965	-7.0792994	-1.9907571	-4.4843864	7.674513	6.192602	14.39817	-4.493586	-1.5985594	1.9094645	-10.098684	-5.752685	-6.8654566	3.3620265	5.8057966	7.708665	-1.8510993	3.0388415	-4.2264185	-2.4282844	-6.1535516	-3.1857681	-4.7949886	0.8705025	0.33641404	1.565939	-4.304496	-2.7628384
-358.7377	48.013542	10.066835	89.42763	-10.682648	12.096666	24.393719	-20.097599	-1.8846738	5.6801753	-14.649326	1.1104382	-8.620439	-2.3593893	0.3134478	-6.4398584	15.370451	-2.0790143	1.0162978	5.6745195	-4.3201523	1.6212742	0.21360135	6.347746	-1.2740061	2.880008	3.0480392	-7.8035417	2.3964667	-1.5643365	-6.10284	-1.0845462	-0.48637807	-3.9741268	1.2292286	1.7082276	-5.042721	-5.3169155	-6.565963	-10.323002	-6.5276794	-3.6398888	-5.008869	-6.140922	-3.524785
-402.1011	69.04056	31.803469	121.806625	-41.910294	6.143902	25.92074	-14.344814	-10.643763	7.4865723	-10.4709835	-6.2055817	-15.8554	-10.354702	6.7829723	-12.700385	14.353253	-10.217248	-1.4543319	-0.05159399	-10.150396	-4.964999	-10.3573475	-3.8476188	-5.105269	7.560189	11.137598	-7.055066	-0.60083747	-4.548293	2.4827113	5.769017	8.616564	-1.4395791	-0.60471714	-11.742392	-5.0206046	-0.8705182	4.5409527	-7.4278946	-6.024883	-6.2023225	1.8933022	1.0182034	2.4534135
-405.4652	65.9179	31.28838	121.902916	-37.86766	9.460549	24.828905	-13.969388	-13.227439	5.9313354	-13.667766	-2.1571484	-12.803195	-10.516758	1.0031786	-17.204355	18.446953	-4.5668483	4.3280654	-0.13156724	-12.875152	-5.5420175	-4.423425	6.5880604	-1.5925584	5.1448445	5.8463545	-10.67142	-1.2115327	-6.004876	-0.85269195	-5.642043	-0.3215289	-7.106803	3.5701559	-2.392989	5.153822	-0.32880408	-4.0129986	-13.672149	-4.3714476	-2.0613217	-3.274313	-5.902093	0.42797363
-379.0474	43.20133	9.227858	96.64501	-14.615513	10.0996685	21.865967	-22.43995	-8.8545	-0.006991077	-22.368088	-7.8395667	-11.6229515	-5.629758	1.9496628	-9.863874	13.815648	-6.678356	0.08336663	1.6694586	-8.348765	-0.39243245	-4.6784854	6.690791	3.1505504	6.3989196	7.00561	-9.439687	-4.9792366	-10.915365	-9.031967	-2.4330416	2.546091	-0.6999126	4.246799	-1.7023423	-5.6626053	-4.492649	-6.189399	-4.935844	-3.807971	-4.1144624	-4.1677647	-5.4552517	-3.2729058
-416.30298	65.28558	19.877522	119.99155	-37.744125	17.057411	25.571579	-17.424736	-13.357802	-2.0714011	-18.080906	-16.961718	-13.022244	-12.698729	3.1959152	-14.222223	19.45824	-3.7522612	-2.7165174	-3.3366418	-21.186249	-15.230592	-11.323545	1.0573041	1.0448129	1.572586	2.2312274	-11.284561	6.461849	1.0241709	5.5102277	5.054829	8.768301	-7.003076	-1.9778771	-7.51171	4.1089644	-3.411746	-5.047358	-6.643881	1.911113	4.5400906	10.578886	-0.5971438	-6.2257795
-428.12018	63.63611	30.066275	125.24437	-40.579597	10.405674	22.522816	-14.139224	-7.784018	4.91038	-18.795582	-18.378613	-20.207088	-16.192574	2.4129622	-9.629831	15.06868	-8.550753	-3.9938285	6.804435	-5.645643	-4.803738	-12.234506	-5.094787	0.8705046	4.1538124	1.791532	-10.557184	5.2981954	-3.4618173	-6.5807443	-3.6728	5.1767035	-4.843893	2.8878355	-6.0569654	-1.3383241	-7.605283	-0.61490667	5.574734	6.4011393	-3.9956129	-4.338822	-8.253565	2.4947324
-426.02014	64.481606	26.824633	109.64666	-47.703846	5.8985972	25.883106	-14.513261	-13.380751	12.062379	-10.3658085	-1.6993258	-9.943182	-5.1776047	10.839735	-9.287924	21.465252	-2.7672353	4.086412	5.766453	-6.599741	0.1618309	-2.2153308	6.669324	0.33756897	-0.84557426	3.2196727	-9.06038	-2.5977564	-9.698818	-4.004249	-4.856256	2.5720277	-8.342091	3.1380367	-5.956689	-4.982663	-6.9828205	-6.28216	-6.6925917	-8.331954	-10.105554	-7.73592	-5.5279503	-4.7022934
-423.51398	63.9337	36.24848	115.99306	-34.473434	13.603227	21.713177	-16.134764	-16.552303	6.4993906	-13.083695	-2.0770109	-6.8562164	-3.8801188	3.746342	-11.793119	10.990128	-10.102506	-10.049657	1.9328861	-8.01243	-3.799142	-10.017867	-5.178404	-8.140253	6.8577204	7.953559	-6.768415	2.4653382	-4.0054646	-3.7137144	-5.814781	9.244907	7.037469	12.2288	-3.9537532	-2.2621522	-8.697537	-11.977235	-3.4048147	0.4656131	-5.3529854	-5.502247	-4.568285	-1.2622752
-431.1669	63.712097	37.41426	121.50021	-39.24704	12.467257	20.362606	-22.043526	-18.237926	4.4161987	-14.542858	-11.606262	-14.913984	-9.66613	4.8317013	-12.174264	9.572875	-9.068894	-5.9597483	3.2664251	-6.399913	-5.5564585	-2.9457614	3.8181715	-1.0163901	2.6267643	4.687106	-6.624181	-0.25740823	-13.291329	-6.668625	-3.0884118	7.637436	-3.8321712	12.423317	-0.31251788	-0.70692825	-8.917399	-1.5426023	2.6545615	1.7145829	-4.637683	-1.9278772	-2.0875974	3.70187
-425.10907	63.698807	45.374954	120.97894	-45.32883	8.662033	21.277481	-12.854271	-13.94039	6.5889792	-8.3509445	-0.23881489	2.2946057	-2.7389138	6.9513683	-12.314915	9.421248	-2.7382112	-1.0097791	10.67904	-2.9910147	-3.6614387	-1.8842574	1.7846934	-0.41396558	0.9389715	6.7233324	-4.95448	7.3605185	-4.7507915	-5.928918	-8.669895	7.054594	-5.326274	7.5787477	-5.617235	1.0924351	-8.279637	-7.558132	-10.835232	-7.6339064	-7.19025	-3.437996	-9.073789	-2.4796782
-416.53897	55.346336	36.961967	117.160324	-30.838833	7.7768784	17.756197	-12.835772	-8.883301	7.4582357	-5.912155	3.8361084	6.875696	-4.7557917	-3.3286524	-23.012497	7.0246964	9.321391	2.9347203	10.851799	-14.188763	-9.179452	4.0972004	1.7960405	-5.673447	-4.1950817	10.669767	-7.6252794	-5.542956	-7.027172	-1.2279358	-2.2508173	4.258648	-2.9234147	1.8107862	-2.0241337	3.4477353	2.741264	-4.1004353	-3.555913	-3.8728073	-7.207426	-6.031475	-11.388325	-6.1414356
-417.05783	64.82296	29.367758	115.67024	-38.01383	10.671289	19.17804	-15.92679	-23.592321	0.30748823	-15.717819	-6.029213	-8.46592	-7.74112	0.2464447	-15.701985	9.588248	0.74271536	-8.459992	3.9305162	-10.430661	-4.9354143	3.734447	5.548127	1.4597116	-3.4030328	2.817587	-9.801038	0.15757775	-6.2941155	-6.015078	-5.3022394	13.826214	-1.7661178	1.537525	-5.703285	1.9408159	2.9755404	-3.5554967	-1.5605898	2.2271311	-0.1691773	-0.90789783	-10.427359	-3.7605796
-409.29926	70.65961	34.006073	121.01868	-36.99665	5.978184	17.506851	-15.257118	-24.594555	7.9078183	-13.645277	-0.6895294	-7.764848	1.5452176	8.941908	-11.584307	12.101927	1.830281	-2.0959368	10.428908	-0.8071203	-1.0974995	1.4180794	-1.0734024	-3.2964153	-4.18291	5.5178075	-7.282775	2.271296	-3.4515362	-3.553579	-6.7648964	6.107702	-6.329218	3.3112261	-3.1554852	-4.645216	-5.433601	-7.120567	-3.461532	-3.3768928	-6.3837214	-1.8604202	-8.281305	2.7480583
-420.2051	54.624466	19.704926	127.05718	-6.6663504	-0.76258993	14.382295	-20.688576	-27.64043	6.922659	-10.664588	6.1685915	-6.0460615	-7.6980042	6.910312	-8.512474	15.566678	8.345789	-4.4845047	3.5533974	-6.8121896	-9.7053	-7.1958094	-6.874532	-4.1134977	0.80397224	2.6687322	-5.1854506	-5.7972503	1.4541385	2.311345	-0.006760478	9.707766	-4.895424	-5.6763315	-6.385104	-4.1967716	1.3015232	-3.4522643	-1.0303576	-7.2984276	-8.0997505	-0.14562392	2.0597916	1.9397084
-451.41913	75.103424	25.247452	126.22774	-25.92723	-5.240898	25.548477	-4.09211	-30.118843	4.2859907	-21.140167	-2.5575316	-13.4812155	-6.09723	11.09453	-7.9963007	12.683046	10.336281	-7.8440275	-4.324275	-10.983846	-10.624932	-3.9811568	5.203352	9.824335	-4.071301	-4.438426	-1.5061533	-2.3585894	-3.3039713	-2.7773929	-11.64184	5.4452825	-4.0416574	6.5139027	1.7633383	3.9424124	1.1066084	-9.291874	-6.2918386	-4.0856743	-3.8097816	-4.0851326	-7.6984177	2.9332547
-503.49866	105.39699	25.71585	122.23813	-7.6956663	-24.107552	12.635822	3.1262512	-9.67041	13.076572	-11.561951	-1.5583627	-8.551039	-2.9554338	5.672308	-1.1912596	13.188772	7.038457	-4.7355394	-1.0131192	-5.0687766	-1.2082877	-0.83248615	-8.26216	-4.6961994	-7.4642525	-2.9207995	11.484768	4.4992533	-8.706472	-2.9992647	-4.3774257	-3.6569755	-1.2771851	6.770179	-2.1703415	-4.933156	-9.418789	-4.3588605	-4.4552374	-1.9547393	5.0398617	-3.9283412	-9.102374	-0.14409499
-578.86676	151.97891	48.39366	61.70889	-1.3773882	-3.2359543	23.182783	2.3078945	1.2426205	14.947777	-0.46114397	-16.461964	-4.8262978	1.6789792	-6.401985	4.4526405	13.896429	-1.3899484	-6.0599875	-9.435598	-9.207778	-3.028456	3.0298812	-3.5096931	-2.2759767	2.1211057	-4.5717587	6.0540867	-0.901253	-6.519662	3.8690991	4.029458	4.2208757	-1.4481213	-0.39637667	-3.6275895	-12.059063	-9.503779	-7.0934343	-1.5984578	0.9152329	-3.0216308	-2.1186063	-2.09485	-1.4424499
-588.37915	135.60489	51.468933	78.206726	10.4022	-4.0877166	18.654285	3.416363	-2.6063952	10.198988	-4.2963276	-22.132761	-0.10337925	1.9004543	-4.944322	9.280067	11.556666	2.8843546	-2.5332808	-3.438037	-11.38073	-6.675174	-4.23893	-2.693254	0.53394717	5.8711724	-4.07992	-2.843046	-4.4878683	-7.1315594	-0.40673387	-0.6885148	3.3305445	4.89727	-2.4423742	-11.864372	-4.791178	-0.9440204	0.7442857	2.2939653	-1.8346984	-6.451309	-7.0678644	-6.429619	1.3405256
-555.9558	149.17007	37.777206	66.721985	1.6850595	-4.8585153	22.4217	-5.150567	-5.079217	19.508183	-1.502084	-22.474545	-1.2824209	-0.46362758	-4.390961	6.726307	9.230146	3.705484	-5.9716845	-10.951204	-20.53168	0.098768175	5.461673	0.37491333	4.52061	3.2914703	-6.1765	-8.337037	-1.5510058	6.943155	4.5020227	-5.688259	-1.1761546	3.1512408	-3.9517376	-6.0916843	2.4816117	-5.7956705	-4.1482587	-6.07697	-5.6403356	0.3053974	5.3271537	10.172772	18.599833
-561.17944	148.39673	37.931847	72.09685	3.5188162	-6.053341	24.19624	-0.38482678	-2.4707458	15.265564	-13.380874	-24.209057	-2.8270109	1.5901508	-0.9232516	10.598963	6.723962	0.030318622	-1.965179	-7.2001452	-14.150806	3.9822586	5.513088	-5.2621975	-3.1980956	-1.923557	-8.067396	-0.6637304	1.6087766	7.135539	-0.4563657	-11.107323	-5.3040557	6.618163	0.58891547	0.44959247	5.709614	-4.271242	-9.844923	-7.8262205	-2.162897	3.0001683	8.445574	10.870936	16.687822
-543.9322	147.21082	33.0572	67.835754	2.8910182	-19.634094	19.575243	-3.057806	3.732378	13.442459	-9.953863	-19.613522	7.537011	3.6004148	4.6759396	9.915539	5.0759134	1.185051	-3.062217	-4.5929384	-11.041908	4.4562325	4.8467917	-9.735608	-6.423476	-3.9809213	-8.574249	7.2485394	-2.605293	-2.2241406	-8.653496	-13.088884	-5.3541822	5.4784374	-2.1071346	0.7835671	5.844617	-4.8676987	-6.076908	-2.3667371	4.5516577	10.414898	10.293294	8.592321	10.37093
-537.2874	145.97621	31.462368	63.551857	1.5821376	-19.922802	18.715597	-0.7590165	4.8974886	7.575159	-11.104456	-15.376609	7.4346538	4.9380455	0.3805924	-2.986271	-4.123829	-2.4607885	-0.9544126	0.45424902	-8.905066	-3.9635413	-2.550764	-9.91132	3.6565776	3.5797732	-4.5859966	1.7887075	-9.173033	-4.4848347	-3.9206767	-8.027121	-4.76528	1.7130526	-2.306339	-3.8606148	-2.0659943	-5.427395	-4.393442	5.912131	12.622238	11.597105	8.044785	1.1020198	1.7250311
-548.89856	137.73459	28.50027	64.00248	7.2980356	-9.391632	25.118774	-4.9521265	-4.1210337	3.254826	-10.480244	-15.725	4.4022775	-0.69619656	0.09857461	8.426224	6.919057	-2.7074711	3.828463	-6.3874283	-17.408678	-2.5715003	-11.715088	-11.360502	-2.0695972	0.11271256	-1.6379154	-2.2550862	-12.059658	-5.6103983	-6.6161485	-2.531672	2.1053338	2.5373025	-8.381584	-8.384773	-6.0066853	-1.4893545	11.139838	15.171741	16.614376	4.4411755	0.17447758	-0.049365193	-1.7104946
-558.5042	149.26627	28.076874	70.77829	0.7713291	-20.55474	14.370891	-2.676434	-2.932539	7.6487617	-17.30397	-19.896042	-1.0771087	-4.606822	-5.122617	2.596401	0.76474833	-0.8657186	4.7440977	-6.1254325	-16.717613	-3.7075949	-3.107205	-3.4343204	6.3131533	1.518053	-5.1463656	-2.16753	-7.1120815	4.122072	0.5086366	-8.6329365	4.5310287	-1.2210698	-9.470612	-3.7647848	3.7899914	11.871524	11.781082	14.947806	8.262665	2.5158348	-2.5972307	-0.107400894	3.920574
-558.5313	151.03867	20.793198	67.63577	4.6063337	-9.158919	17.83149	-3.1962361	-4.4286814	8.993737	-21.903606	-19.512089	1.3435909	-4.745599	-5.361997	-1.1478162	-1.4358922	-4.6562743	0.48665106	-7.9269934	-11.740569	-0.018409014	-1.3455956	0.28294665	5.580722	-5.210453	-5.6583676	-0.10539301	-8.390665	8.018398	-1.9167889	-11.285815	-2.1782422	-4.5473566	-1.4242578	9.121502	11.509157	19.652443	6.4605484	3.958515	2.5758653	2.2163608	2.4795327	0.41011062	1.614467
-550.98016	152.26419	20.494015	60.075615	3.6142364	-4.018328	18.297844	1.153653	-3.7915292	3.5854645	-16.375633	-19.898521	4.3889604	1.2387958	-3.2153294	-3.2887006	-5.510399	-6.1264806	-1.5151395	-2.0482905	-1.3047025	3.9405518	-8.468483	1.7245373	2.6716146	-12.159134	-9.687749	-1.4335572	-5.7665505	0.47999358	-4.937327	-5.9161854	2.4978738	-0.047184348	10.819994	17.752432	9.803247	4.984127	0.330778	-2.087699	-5.1929984	-2.7363315	-1.4117775	-0.355815	-1.2566099
-558.6018	156.95847	25.100983	49.768475	2.1454642	4.419546	22.694035	-0.60698247	-5.9381866	0.6725471	-18.000542	-19.586763	3.1948438	0.121941745	-7.86547	-0.5564428	-0.6963544	-0.7295487	-0.9581027	-8.91342	-10.381224	1.3040786	-5.316193	-3.9114165	-1.9933237	-11.598486	-2.626709	-1.7345918	-9.419542	-3.9639122	-6.8388305	-0.96507823	6.897259	5.407114	11.096854	19.321564	9.640907	-7.305433	-6.4577456	-4.4296355	-1.2680175	-1.7054558	4.2219496	-0.17382479	-0.4768939
-580.5293	152.78094	37.058113	54.268696	0.5994327	-7.053234	13.775681	2.4640932	7.3519545	6.3529215	-13.013452	-9.571556	12.634827	2.974822	-7.849604	0.9392531	5.4065495	3.635319	-1.6688764	-14.681329	-13.118387	-2.0802119	-12.933643	-11.824724	-3.5189304	-1.4080834	9.396001	12.784776	-6.156982	-3.29009	-0.33282453	2.282214	19.493626	17.277878	15.538296	6.828087	-4.1539526	-3.5305774	2.0921676	6.446449	3.1456132	-4.4090066	-4.6017237	1.0352356	2.9977307
-587.8366	157.08585	43.36149	44.30906	3.1003275	-1.6070246	10.456831	0.29712334	4.0921693	8.439804	-15.057165	-13.467571	9.201758	0.013535857	-5.4047017	6.6559315	5.9603	-2.3093567	-5.173064	-9.137485	-10.803036	-10.596928	-16.144466	-4.456255	0.26776385	4.1527996	9.614796	-3.8362439	-13.555346	-0.54082704	11.009281	11.354561	12.703785	4.2450247	5.5653367	2.489329	-5.803435	4.6068316	-3.4917264	-2.020761	-3.2050061	-1.4561825	-7.445809	-0.37264168	2.0543923
-594.98645	154.4993	48.020645	31.929707	3.7120407	11.049672	10.484028	-1.0113269	-4.4981565	2.2769465	-12.265743	-10.450476	-1.2392992	4.451833	7.3081574	1.7345939	-6.5927334	-3.0201728	-3.6461933	-12.164743	-9.890209	0.42049778	5.637105	0.18149477	-6.32072	-1.3609717	4.3429966	-2.1953762	6.3490934	12.470844	15.091076	7.167988	7.69524	4.2497973	0.32532233	0.36193192	-1.2388544	6.6569366	3.0778751	-0.2426669	-2.8552418	-1.3765416	-0.31614602	1.0935632	-2.978817
-625.23016	132.90817	45.85917	41.19117	8.976779	12.947201	17.620766	10.699322	1.5827135	-8.93114	-25.9415	-20.881853	-8.798951	1.0659889	12.107848	13.658347	1.3041365	-5.6508255	-5.5359974	-5.408323	-4.1886196	-4.514636	-6.109624	-0.9708604	-2.9219596	8.73645	14.07299	10.092681	18.204464	20.062275	2.8161802	0.02759242	5.7411065	1.1000953	-4.405583	0.41368127	2.8454523	2.657988	0.034651756	-0.33907157	-0.7238469	-4.127028	-6.267467	-5.1769657	-2.2827597
-631.1794	130.56197	49.860992	52.242115	10.634132	7.383385	14.211178	2.993002	-0.47403792	-7.613303	-9.096689	-11.567331	-6.6252995	-4.0085325	2.2867918	5.460718	-4.62432	-6.366846	-8.45087	0.928406	14.859583	0.35867295	-10.827588	-10.295708	-6.924282	10.252237	16.397335	15.585051	9.030195	4.650313	-5.8398733	-2.000805	1.481362	5.0941496	0.14442474	-1.0777085	-0.20075715	-2.2236485	0.69354075	0.7123518	2.144555	-0.6386212	-2.380066	-5.72375	-1.8478143
-636.4063	127.608795	43.966484	38.86109	13.6925	10.503891	11.530171	3.291177	-8.561602	-14.632208	-2.5604854	-1.8389426	-2.8255522	2.7982204	0.9576421	-0.9610647	0.25827685	-2.443785	1.6586349	4.254259	5.3132644	-8.93956	2.5825024	9.894302	3.8052351	11.928067	8.9635105	8.31959	-6.001443	-1.7773844	-2.4468699	8.123697	4.0673523	3.0036397	-1.6238123	-2.003068	0.7193562	-2.2092934	-0.48329496	-1.49911	-1.2865354	2.3257327	-1.2780164	-2.4437594	4.640302
-662.478	79.740456	59.382103	36.85147	24.284428	-1.4838095	5.7204943	2.7127287	5.992566	4.570487	9.439089	1.073414	1.6548834	6.750552	-3.3176687	2.8259802	7.7552404	7.7617106	9.062666	1.8008121	13.712698	-7.808999	2.5733638	-0.9151752	-4.273119	-5.2677445	11.593349	5.3356924	-12.9347	-8.081354	-1.3724483	1.9719331	13.063201	10.2593775	7.919764	5.6875453	3.2947497	3.065103	5.1209097	6.8286605	3.2782283	1.9618359	-7.841944	-7.389411	-3.9066753