-456.34183	-23.056093	9.761805	23.723454	27.2351	30.749651	-4.6747775	14.018452	-22.896872	6.269183	9.417258	8.116703	15.846556	-6.549949	-0.85902965	-7.689689	4.079981	1.2837427	4.949969	6.8417635	6.561328	2.9817946	3.415338	3.2324147	7.951192	15.92877	8.731413	7.560444	11.7039175	5.1976643	0.5284966	-13.247526	-11.343489	7.6406794	14.612727	10.393846	-2.7560525	-1.7358184	-1.7262022	-5.9995937	-12.548962	-1.5619574	11.714632	3.073732	-11.115601
-410.01938	-5.78995	21.637568	12.923204	9.632046	18.393372	-13.716194	10.709284	-14.954432	8.243286	3.54312	-1.4344678	10.977619	-10.537794	3.7743623	-6.4986877	3.3259752	5.6956644	1.3162614	7.0036974	1.1569067	2.0944495	2.4342227	5.24372	0.67539096	8.234136	-7.039731	-4.3678784	0.19122851	4.0750403	11.78341	0.7880511	2.916228	1.7504843	6.0690184	-2.4147131	-6.9130898	-7.9232473	0.039819896	0.46002775	-3.9062746	0.36622214	4.4033747	-0.4385376	-1.9324509
-410.7819	-17.566654	45.376	3.352984	2.3674648	28.472208	-17.715897	3.0144176	-3.9888284	7.4108753	-5.4505963	4.9477425	8.184447	-13.0674515	5.6938806	-2.4029377	2.0830474	5.2816114	-0.57188416	0.16303253	1.8968785	3.7560039	-3.300572	5.1910725	-1.2807834	-2.1498299	-6.053606	-6.7142143	-4.2503037	2.1807256	6.878104	8.622256	10.550055	-3.238939	-3.510222	-2.7274442	-2.6129992	1.7364862	2.1171083	-9.402494	-8.720451	7.5360847	5.8812456	-5.1772118	-1.0589744
-417.54974	-18.556175	69.51039	14.110432	-13.057611	25.001953	-3.8431945	8.870063	-13.077742	11.605338	0.83987993	4.203945	9.799301	-5.045504	10.627028	-2.8985245	2.5915523	6.743557	-0.4429376	3.5754995	3.7308767	5.369562	-1.7643291	9.814314	-3.0710573	-1.5480735	10.713821	1.1471717	3.6065235	5.26235	0.78698754	2.5007691	-2.6237829	-7.134681	0.50607204	5.734282	11.239311	2.9822962	2.6620264	-1.1473565	-2.675409	8.094801	6.2507677	-4.211764	-2.5000772
-406.99503	-19.323841	90.74559	73.52092	-1.4840658	20.739609	4.248318	3.341854	-25.533321	-0.8436581	-6.8884697	-13.864557	-12.992265	-9.5427475	8.793569	-11.965668	6.4124613	1.9232464	-7.6934767	-0.5159881	3.4790597	-4.735198	-15.590195	-2.1363559	-5.2660537	-9.078001	14.141713	19.436565	14.85627	2.4847546	-6.0903807	-1.4448049	-0.14998674	3.9278703	-1.2667085	4.981488	7.133936	-3.3992982	-2.9920707	1.3293709	2.4777434	12.226543	4.620305	-1.0782871	4.8465056
-373.4638	2.2067018	66.369354	97.66626	-15.01347	9.440727	7.238412	0.403213	-22.059938	-7.5105953	-3.9179564	-6.625911	-7.267145	-3.309532	2.8084536	-14.547299	6.0063257	9.18717	-4.82203	-0.4017055	-3.853132	-4.6278214	-8.037443	7.374207	0.98083043	-6.426868	6.8715363	-2.7533786	2.5027342	0.5839338	2.1369948	6.3202953	2.070434	3.7231739	-8.857179	-0.4830089	1.0503447	2.3899236	-1.2568804	-1.8440338	-3.4714797	0.9402025	2.1237187	4.115347	5.1689215
-357.2326	33.235123	43.81562	114.36397	-22.20902	3.2206264	17.92202	-2.8876414	-8.649747	-11.598293	-5.615365	-3.5078902	-11.124063	2.476453	-5.4616375	-12.748232	-0.60779667	4.5354548	-1.5073096	-4.2539167	6.957921	-5.2078686	-3.497478	7.439122	1.6890953	-1.8734694	2.7029128	-2.1711545	-6.4979157	-0.42311215	-1.7989702	-0.5337546	-2.8164964	2.3978024	-4.756341	-2.2898164	-6.1680317	-1.5552307	-7.014305	-0.9691183	-0.37395015	17.354492	13.585327	13.790688	-4.9841347
-334.2141	57.55876	9.224693	126.026764	-35.859596	-1.3196678	17.204054	-22.177782	-8.23353	-12.184262	9.96027	7.9029446	-4.943126	-6.1652713	-10.38936	-10.673482	0.6219423	-2.1934042	-6.7246304	-9.836728	0.69429684	5.9978466	-7.0169926	8.655729	-0.7957125	0.9065515	-4.8543706	-0.30221772	0.29847383	-12.23979	1.7088201	-13.066324	-5.527527	-10.073208	-7.692598	-5.1121273	0.3436597	-0.40882397	-3.5365431	-0.17368102	-1.3027819	3.902382	4.0427575	13.924419	8.958483
-326.36508	57.369892	-1.1609092	134.28616	-37.71943	-4.8796706	10.800214	-18.725744	-7.332137	-11.072033	-4.99504	-5.4808044	-14.187149	-0.8594373	-5.5045185	-12.700869	0.5012029	-6.0439053	-6.3666124	-11.6077385	-0.6402259	1.0800548	-10.717491	12.3805	-8.55489	4.0745854	4.2053275	2.3377101	-2.385666	-9.209985	8.748714	-8.486084	2.7406332	-2.9978864	3.5670552	-2.7291784	-6.5124407	-8.71891	-1.7020757	-2.9521983	0.63096124	3.259036	6.3053703	4.854159	8.187643
-317.99442	57.411957	-4.398945	132.45822	-27.252987	-0.14623713	18.350666	-17.62561	-8.040513	-8.716372	-1.9530065	-1.8972862	-13.378055	-1.9779007	-5.38693	-16.383545	-2.8824358	-5.083186	2.0887265	-2.575736	7.048886	5.090652	-7.0589743	16.428474	-12.013211	-3.7978168	-7.0283756	-4.20974	-0.24130273	-4.621971	14.5439625	-1.3348842	5.5585403	-2.887452	-4.7986593	-4.982213	-1.3907044	-3.3445501	-4.1872334	-7.480976	-5.8017445	-5.0069714	-1.2780299	2.6056824	3.7382812
-322.08383	56.72972	-5.033596	131.23904	-41.10474	-8.216784	13.454554	-19.241417	-9.959413	-5.6418953	4.8177605	3.401841	-6.090155	1.0694653	1.8737042	-5.6086516	10.544695	-2.5483732	-2.2415493	-11.7190075	1.1334476	-4.6594687	-13.883796	12.203432	-7.568067	2.8076303	-0.7933715	-1.8529804	-0.24479192	-10.543034	5.328472	-12.118545	-0.948483	-4.3739405	-2.7449067	-7.049035	-6.1523914	-16.013144	-13.969391	-10.191378	1.4091318	0.30737346	-3.5501513	-3.9677427	0.41175342
-312.3797	64.05745	-2.019308	138.09741	-29.564476	-3.633548	18.169054	-16.771301	-11.368184	-9.696695	-6.383795	-3.6953263	-9.707753	3.5182245	3.9999728	-8.662391	5.746911	-4.45568	2.125373	-5.361237	7.6187253	1.2100463	-9.799683	13.918258	-7.627453	3.7379844	0.6356584	-5.902574	-5.0350833	-11.859184	9.588869	-4.310549	2.3588688	-2.2638938	-5.666002	-6.8636246	-1.2367244	-4.6573315	0.67373586	-5.2645597	-2.9940515	-5.3271866	-3.887831	-4.7014647	-4.5901303
-283.21283	56.584915	4.197662	109.63364	-24.647606	-6.479871	26.396845	-19.104614	-9.321846	-7.9859786	-6.9313726	-5.069996	-13.011534	0.22823453	1.3302355	-4.409772	7.102368	0.15552467	3.3200488	-1.2667661	6.691017	-0.6691487	-7.2736864	11.534742	-6.9025426	-0.38020062	2.2416773	-5.882228	-4.208765	-8.972452	2.8374357	-6.6094246	-3.237628	2.4705184	-4.248577	-0.87738335	0.6366076	-3.4028535	-1.8664076	-4.153226	-7.8697453	-6.8962774	-7.004832	-3.7892873	-3.6743457
-300.96512	63.326187	-4.328083	133.58777	-39.427216	-9.188526	17.758327	-19.06324	-19.440174	-9.772738	-0.72927356	-1.2911577	-5.7410345	4.0200176	5.8481374	-7.927379	11.161978	2.7299871	5.061684	-3.9020114	-2.6494594	2.7974784	-4.795802	8.458298	-2.4205282	-1.0552278	-1.8132312	-9.385809	-0.113604784	-9.345247	6.1392064	-3.518704	-1.0947177	-3.1571164	-8.194019	-5.294856	-0.9654789	-8.076448	-4.3078885	-2.6631448	-4.784693	-5.7211666	-4.0914974	-1.4001689	3.0603437
-305.96918	72.54686	-0.18533456	131.24307	-29.193386	-8.806505	16.299301	-15.852608	-13.071768	-7.4950976	-3.3587189	1.2876006	-7.644367	0.48284584	4.8573627	-6.9649296	9.216097	-1.7619087	-4.344988	-11.866436	-4.179928	-5.556131	-10.743046	9.137432	-5.8542433	-3.8604999	3.2789943	-2.9750562	4.777952	-3.151181	7.978393	4.7539024	-0.05364716	0.16188633	-1.3604383	3.1126094	-0.10450518	-13.2920475	-7.9738054	-6.4666634	-2.3746533	3.653339	-2.394897	-4.392928	-7.738472
-310.8381	65.0564	4.0927787	128.93738	-26.084614	-12.544709	13.91919	-18.712017	-15.487455	-9.045841	-9.02818	-8.432558	-13.339214	-2.5028195	6.091152	-6.687923	4.90611	-1.3133682	-5.020672	-7.2157607	-1.6645764	-9.860985	-18.0856	6.166622	-3.0789993	-2.697424	3.350895	-2.0840075	1.2893687	-4.310704	7.3850555	8.700657	1.0034037	-0.9861714	-7.6719093	-4.3649635	3.1233988	-4.959002	0.6014327	3.833529	-0.7169853	-2.13174	-5.8476753	1.8334776	1.6883683
-326.07812	78.24786	-4.1567736	139.37715	-35.370853	-3.6621149	11.565758	-14.660454	-21.817547	-12.179611	-6.657315	-3.8562303	-3.1485019	-1.7413067	5.9621954	-14.028036	8.450424	5.489589	3.6142473	-1.4659646	4.011043	-3.7082138	-14.834146	0.9995858	-8.021788	-2.0055614	9.855139	-0.3105147	2.0923622	-8.085655	-0.80537367	-1.7153962	-1.1547246	0.5429128	-4.8118505	-5.706521	3.954836	-6.501543	-6.670736	-2.327713	-0.8268845	0.8997216	-7.65353	-4.4202466	-4.480747
-330.73874	73.71366	-3.3026404	142.50787	-28.771576	-4.32643	10.107994	-17.459938	-19.418385	-11.466367	-4.6086254	-1.8130068	-1.9479694	-4.932703	-0.07044792	-17.700178	5.7466984	5.014638	1.9171276	-3.4664743	-1.9679456	-6.142397	-9.981884	8.205988	-5.167694	-6.423112	3.1678941	-6.420171	-1.6824418	-8.192127	-1.6598315	-3.1024084	-2.2371197	4.102282	0.16368455	-1.9993739	1.9714531	-13.768574	-10.663263	-3.7561457	-0.19355118	0.14074957	-4.5609183	-4.1091924	-4.964467
-344.28326	81.33895	-4.2488146	146.93176	-28.603554	-2.5150151	12.007492	-15.5215225	-15.183538	-4.543433	-0.24205855	-1.4790183	-4.481345	-6.5799694	5.0542164	-15.341185	12.290056	2.433958	6.4569755	1.30996	9.264526	2.3866692	-8.213231	1.2319498	-5.543791	-1.2085669	10.848903	-5.7863503	-3.7683058	-11.763505	-2.7429492	-0.14222261	1.2537386	2.1590471	-4.477023	-6.739633	8.25119	-4.8388414	-6.0256987	-9.91279	-5.610726	-0.5967779	-1.2054346	-1.1867195	-3.3574743
-339.35785	87.42758	-5.51816	131.33247	-30.366924	-3.9718523	19.446024	-14.285358	-14.416191	-10.322372	-6.7462697	-6.508646	-3.641868	-0.61802244	13.314077	-10.715055	15.6631975	4.767239	7.4916115	-4.6050644	3.8583617	-0.74716187	-3.4467525	4.5918093	-1.5730458	-2.3448112	3.51283	-11.431555	0.5448091	-4.8531976	-0.47119242	-3.9941468	-3.5704827	0.5228373	-2.7952452	-1.4343626	-0.9343344	-3.8937702	-6.6617393	-3.5646598	-7.7289963	-6.40844	-6.665378	-3.106773	-3.341022
-299.3202	73.81598	-5.027822	91.466324	-18.166622	-12.06366	17.855442	-9.916534	-2.8852415	-12.640724	-16.646217	-4.062331	-11.681619	-1.0204778	1.2964317	-5.8732715	6.9046154	4.6342316	0.25556123	-0.5712973	5.4466925	-3.4378982	-5.3506284	4.826238	-5.9399557	-7.9879475	3.133318	-8.982473	-3.6498106	-2.286939	-1.6739271	0.24185431	-1.6911829	2.550413	-3.3481967	-3.17336	-2.7143357	-5.757449	-6.216792	-7.408848	-6.131683	-9.614652	-6.38887	-3.9596415	-1.5413007
-327.8815	87.284515	4.490862	110.31918	-22.739412	-7.676689	20.808523	-13.033434	-9.320787	-3.1385057	-3.2279088	1.7915771	-7.193883	0.1917907	0.8558279	-7.9917445	6.5209136	9.305674	-1.4277179	-2.8857634	2.1241326	-1.9405897	-7.046997	-4.1050534	-5.7255135	-0.0819726	-2.6180532	-6.2729	0.9901764	2.0004644	1.9682482	2.891731	2.5957317	0.9376757	-0.28517735	-0.3795853	2.1879709	-5.0513415	-6.1813617	-9.224058	-15.035534	-7.6613517	-4.950552	-2.5872142	3.0058432
-357.16864	76.44988	5.318673	122.45343	-12.419167	-11.478025	14.811363	-21.35559	-12.572035	-5.8860407	-5.679237	1.0335763	-12.86399	-8.767973	-2.4141357	-11.479854	8.8543625	4.1456485	-4.237092	-7.1036696	-7.3685846	-14.122729	-13.75098	3.6955752	0.31711125	-2.8118646	-0.69721484	-7.982356	-3.7529478	1.1732278	2.4078999	4.988138	-0.54355836	6.580155	2.854102	-4.1496534	0.022121727	-3.3549461	-2.0319314	-5.5603933	-8.286563	-4.496711	-2.289972	1.3131306	1.601815
-373.39972	82.627846	7.973397	127.41963	-21.15769	-5.594735	15.884239	-19.01159	-20.12515	-11.794941	-6.7973847	-2.9711637	-12.287167	-11.507547	1.7033353	-14.108019	11.119226	4.6436214	0.87743473	-0.3692041	-2.8988738	-20.221626	-21.497402	-8.965765	-5.089725	-3.956224	7.9424763	-0.48809707	-1.0870473	-0.9864225	-6.9311733	-5.462641	-6.4960523	6.504235	1.1920366	-8.990447	-4.0362597	-8.553486	-6.0323734	-5.2188807	-5.9407663	-3.9220815	-6.4603977	-3.6339245	-5.8822374
-372.44626	92.63864	9.776899	114.844055	-22.105244	-8.84129	18.151588	-17.58912	-14.610552	-10.707325	-8.386478	-8.262291	-13.018553	-9.286605	12.659814	-10.654959	13.93788	6.1765394	0.15485859	-0.74484575	-2.8617408	-13.026431	-16.01073	-7.636093	-0.1300543	-3.4177427	7.1035967	-4.093162	-7.803606	0.021827579	1.3943245	3.2422297	-9.74127	-2.7134252	-1.0573379	-6.1831427	-0.6479989	-2.5005884	0.8199609	-3.9644742	-8.262434	-2.5910668	-0.33644307	-0.29404545	-3.9160523
-393.19974	94.39943	16.749035	117.040115	-19.699783	-10.327967	17.094751	-13.109094	-12.37199	-15.072163	-12.843653	-9.819152	-13.975625	-7.702877	15.141002	-3.2521257	16.92501	4.5604486	-12.323618	-6.220289	-2.4841218	-3.2328467	-8.250746	-6.1327553	0.15386677	-3.6776624	6.5141954	-8.379742	-13.883478	-0.88089323	0.8362988	6.204376	-4.5003014	0.6542724	-4.146154	-9.004755	2.1794908	0.56715995	-3.7696123	-4.4458756	-2.9483418	6.2174773	2.966736	-2.412035	-3.8275914
-433.19293	107.99803	24.119707	109.471756	-2.8236332	-15.849407	23.701416	-14.384279	-15.926878	-11.191757	-7.129033	3.859538	-9.942548	-7.732816	11.550359	-5.467	24.152222	5.987856	-10.016972	-8.185137	-5.710157	-0.0120027065	0.9900093	8.03398	1.8773406	-7.054143	3.4970312	3.3436737	-10.1982765	-8.53001	-7.5414815	-0.55421424	-4.3206444	-6.9755263	0.053628564	0.4418714	-4.265082	-9.160826	-11.913977	-1.2320578	0.25209653	4.412792	7.564025	-1.0729274	1.0812881
-528.1982	139.61176	18.353	72.67438	-6.9972353	-14.583198	24.511646	4.5509424	5.9748244	-1.2838361	-8.679899	-1.8245898	-1.4048809	3.8722801	-2.3132114	-8.876906	1.9270681	-0.23112595	-6.231879	-8.285967	-10.460078	2.2813628	-7.389608	0.42763287	0.97393656	-5.8126802	-3.4775755	-7.407811	-0.06494665	-0.8406322	-4.256667	6.4953766	0.062333822	-14.71607	-8.039737	-9.76796	-13.290684	-4.755125	-3.6186483	-6.9494624	-5.6424055	-3.7875395	-5.129879	-10.18861	7.593574
-557.67755	154.44104	42.241604	63.419678	6.5057282	-6.570019	21.36722	5.520218	7.126448	3.8905778	-12.667002	-13.477203	-3.9947226	6.040033	9.005386	-1.9528263	-5.626885	-0.7973888	-12.150843	-3.2510676	-7.292075	-5.9324665	0.20055193	-3.537835	0.8444717	-2.3520856	-0.8267274	-10.113268	-0.59170467	3.2766352	8.4736	5.794305	-1.0625423	0.18210995	-12.526901	-7.136245	2.3771577	-0.06654596	-0.10613024	-4.1151905	-2.1891973	-7.717013	-8.2477255	0.8866373	9.586031
-543.96857	154.78438	38.46982	60.55278	3.8747785	-6.514188	18.54743	8.621541	8.034533	5.9849763	-10.562998	-11.9731655	-1.8981985	1.0591849	9.392891	6.965211	3.7419	1.6151719	-8.730011	-5.220781	-2.9570174	2.163553	1.6841012	-2.7832453	-2.2933445	-4.748186	2.117145	-0.8959503	-1.1859931	-3.558051	-6.433035	-8.29393	-4.347477	-2.561111	-3.4090056	-6.8058147	-2.9968195	-2.7491758	3.9666088	-0.52511567	-5.6831684	-5.1505284	0.07355499	9.503527	13.131691
-559.9912	153.27435	37.612278	59.08947	8.93251	-5.2200394	20.76418	2.5725758	5.1005106	2.4729743	-27.122753	-24.411062	-1.3672755	-10.828291	4.5038605	5.2574816	-0.7372856	-2.3618212	-7.8622813	-6.7377796	-18.032162	-0.107563615	4.245799	-5.331489	-4.4619007	-4.4085827	-5.9473305	-11.980602	-8.2215395	-0.8129214	-7.5139008	-5.909416	0.0510931	-0.82650316	1.3402128	1.8747252	-1.6397848	-6.6948395	-0.57037735	-10.559212	-15.926287	-4.9967766	8.36515	17.11388	10.0604725
-547.51154	164.61574	39.308075	63.23307	8.132524	-18.921106	1.929357	-2.5146525	3.9180984	20.959143	-10.775486	-18.423916	2.9300113	-5.8427143	10.430733	4.656232	-8.943682	-6.465602	-11.563294	-0.31349623	-3.400413	0.70250845	1.679316	-9.274008	-7.470136	-6.6814194	-0.7772654	-0.4818256	-4.800956	3.668564	-7.468483	-5.0839334	-4.947225	-6.045921	-5.866367	-2.605738	-1.409045	1.318183	3.407888	-3.703071	-5.029932	-1.0661464	8.980267	15.920281	9.040235
-554.49176	154.90436	40.67871	56.940918	4.358314	-18.096758	5.8468575	10.288915	10.497897	7.4587574	-20.887226	-17.504688	19.747757	-0.14398193	2.6152647	16.872833	1.1626678	-1.1810539	-9.026168	-2.1952446	-6.815194	-3.0101187	-1.5551661	-10.150866	-2.5426502	-3.2385755	5.5964146	-3.4624903	-16.241268	0.39956743	-12.556021	-7.997883	-2.8621202	-7.798445	0.25450793	3.6230583	2.646761	-1.8786973	-2.5389893	-2.878891	4.0470853	8.550914	17.02345	17.93163	8.089443
-542.9835	157.74902	41.308754	47.180016	0.21248382	-1.2548351	11.630457	6.6214	6.1018515	9.618627	-11.025925	-13.378396	7.2446694	-0.67890453	3.8422909	7.752212	-0.73697895	2.8222842	-7.673269	-2.2636228	-3.3531146	-0.9843703	0.19380075	-13.476009	-8.503356	-5.046898	2.282111	1.9492152	-6.379223	2.0337284	-9.691999	-11.009359	-4.3160305	-5.3853207	-2.1117008	3.4213977	4.629737	1.0585458	1.127971	3.3066902	3.714593	10.143328	12.021925	5.0099277	2.6040602
-565.1336	153.5653	42.180138	47.22815	9.10354	5.0087113	19.953808	12.437086	-4.0419865	-0.7686032	-25.360973	-23.687645	10.424426	5.312928	5.7875147	4.8552637	-5.0556507	-2.378937	-11.225954	-4.8631225	-13.413187	-8.419342	-3.9351978	-4.130598	3.356554	-1.7482938	2.5567594	-5.6297407	-14.00507	-1.4931413	-6.860235	-7.7086496	2.2374036	-4.0526457	1.9600079	-5.663065	-6.1106677	-7.2903914	0.32404274	9.577641	11.231691	10.89657	7.924489	-1.0132924	3.8909402
-572.8235	155.35016	44.50595	47.1891	18.284021	12.439825	22.894396	15.488543	-7.0054827	-2.0866034	-22.380215	-18.387985	6.4049845	6.7721605	6.987235	8.087814	-0.74161154	4.116386	-6.5796704	-6.8342733	-9.99762	-10.05794	-6.7246113	-4.4772415	-0.8846425	0.05413735	0.7737622	-2.1431353	-8.469036	-3.431973	-6.219053	-4.4910884	1.711417	-2.1408305	-1.590271	-2.563141	-4.7458606	0.39030278	9.021917	11.428526	5.16405	5.84007	-1.1512916	-4.2010427	2.6202464
-579.9504	160.86981	52.720955	36.908432	11.9114	3.4615235	12.768705	14.6575165	3.6131687	8.055346	-4.3442516	-11.942145	1.9267286	1.440701	1.487645	7.0262136	-6.6056104	-0.44922626	-13.409004	-5.8853035	1.5443285	-0.056796312	-4.741591	-3.7367887	-5.4741335	-0.090210974	-1.6330656	-7.207812	-9.52153	-10.961072	-11.049513	2.4157686	11.220634	1.5721607	2.4761906	0.4047506	0.2117444	6.3070827	14.447997	7.351528	4.451535	1.6067772	-5.5373597	-2.6652498	-2.193122
-600.9813	147.92435	58.02697	39.523346	20.740984	13.6915655	12.023458	16.401093	3.1397088	-4.3120255	-8.203517	-16.905277	2.6666393	2.3782244	-2.2820225	-2.9364462	-14.976189	0.114288986	-10.740854	0.271536	0.53871226	-5.8503666	-2.636073	1.5626818	-2.9260962	-0.43056917	-1.1117241	-6.1781845	-9.350292	-0.068944216	1.6189988	-2.7170324	3.3376496	-5.7561255	3.669067	3.969307	7.018724	13.038073	10.841624	0.2914859	-1.4530277	-1.9249556	-5.1350727	2.9245117	3.995407
-602.67126	143.42557	52.909904	38.67337	24.826794	21.574234	16.875526	9.619488	-8.744322	-3.2883527	-2.8779817	-13.595211	1.5890087	4.0262094	4.6193933	0.15388793	-10.159834	1.182665	-12.463934	-9.940115	-7.7075834	-7.9252543	2.338426	1.100512	0.5665655	0.6710571	-0.2352638	-7.1999035	-9.367132	0.003427446	2.9691858	3.8544204	4.6397495	-3.341841	10.421669	8.304325	7.974804	5.624081	3.5519438	5.1239185	0.78955805	-0.16968827	6.0352926	0.69002604	-3.5568626
-634.86536	122.175186	55.828453	52.094177	29.108566	15.601174	10.3498955	17.637852	9.459405	5.9235992	-13.315385	-18.457489	-0.94779754	-2.8189545	-4.36234	-2.8933754	-10.624393	0.71812546	-9.5913315	-5.2515893	-5.7780075	-8.679	0.46861953	-1.074743	-0.6784034	0.8633208	2.1422973	-0.7341714	-4.041948	1.0670273	-0.18875575	4.04977	6.391737	0.42094207	13.227605	10.278172	10.120288	7.88844	1.0170429	0.78707767	-2.3870785	-3.344324	2.7198234	-4.0997996	1.1193593
-645.38116	119.2911	52.946068	49.22754	29.907528	10.577929	1.1711495	7.7422585	0.90108836	-0.37600753	-3.7361448	-1.0996922	3.7248554	-3.630144	-1.2243137	-5.2950506	-7.131471	-1.54397	-16.703665	-8.685819	2.0392966	-1.1807216	-3.9669287	-2.9553955	-6.5134096	-2.86411	1.9080129	-0.6653178	1.1877623	8.878918	2.7737255	0.97881484	4.5134254	14.424255	21.694054	15.440376	9.032535	5.2248964	-0.95083034	2.654008	7.9800444	11.223675	4.887134	-6.167842	-0.799932
-636.6399	138.35399	62.819153	45.261436	22.795073	11.61873	6.1474686	6.30617	6.119093	3.9634426	-4.8844314	-11.213707	-5.0323343	-4.3492126	0.9522829	0.40508115	-0.7276264	-4.479486	-13.266121	-9.918171	-2.6330395	3.4493387	-4.9554768	-1.16431	-0.5852815	-1.3899608	-1.4480574	4.663703	1.6940738	9.026302	7.553958	9.23654	9.193466	-2.9428573	-6.3988695	8.229165	11.18129	6.55327	-6.8236933	-2.08491	8.096024	5.6460795	3.4221406	5.0237617	1.5469607
-643.8799	129.55621	59.564056	43.106976	22.198818	16.590658	9.5675535	2.2299395	-1.3959233	-10.233966	0.6710508	-2.417841	-3.3746004	2.3082442	2.4237604	-3.317841	-6.3079853	1.0437523	-1.8044906	2.9878113	-3.010543	-3.2772217	-7.175765	-1.2668815	2.5546465	1.3840216	-3.1143715	-0.0013651848	1.6728795	5.689178	-2.4484954	-1.3515153	5.090772	6.661069	1.6366465	-2.6473317	5.046231	10.538675	1.0332181	0.97785807	5.983318	2.9448905	-7.985693	-3.5867538	3.3417003
-692.5267	81.88287	41.70463	47.45308	29.57565	19.534004	13.7872925	11.373631	11.35246	4.9501944	14.109068	3.1356337	-6.6665974	-5.1948414	-3.5616035	-2.0239832	-10.548765	-4.7117248	-9.212103	0.5033678	-3.504116	-1.4734991	9.548072	9.148859	5.0323377	4.0203733	-0.394163	2.736105	0.29008877	6.5282288	6.0891666	4.2400465	-2.5970573	-1.9142333	9.305942	6.0874524	5.5187173	1.4806111	-3.8842368	2.0815396	7.0107784	7.755698	1.8763012	1.4995923	-2.2376056
-690.13727	72.55708	36.882004	41.200745	27.606857	23.431038	21.072765	17.337158	10.978461	0.95338845	3.5568254	-0.47055233	-0.6299568	3.8166034	8.322176	2.3434248	-3.791471	0.6737673	1.4770305	2.6256266	4.081787	-0.59411347	5.0096774	2.79025	1.321553	-3.4201112	0.2490524	3.5768533	-2.9961717	3.4532077	4.7038116	2.3068419	2.7414718	4.9334893	7.021528	4.129056	-3.6423805	1.045306	0.6539428	1.3066376	-4.4172497	4.429614	2.2338595	-1.4470582	-0.9022106