-477.19687	33.860596	35.08495	4.4783316	-0.51379335	20.743332	-12.666142	14.146837	2.3996432	7.828825	11.319253	2.5145748	10.1917305	0.05272469	7.613499	1.72311	5.6835556	1.4383984	0.7724081	13.906027	0.9874513	6.617261	2.322998	1.5949986	-1.929568	7.576784	0.2789057	-4.689611	-7.0763025	-9.996563	-8.875952	-2.4492216	16.783218	13.154736	8.669158	1.9829216	-6.135484	2.2256308	4.247291	15.896347	-6.0617223	-5.1670957	2.91296	0.17087683	1.8605304
-440.09918	8.755036	47.33291	-4.9569445	-3.433104	16.226759	-21.439127	10.79893	-10.985551	2.5842288	3.0096266	5.9004025	7.168149	0.36876744	4.4930887	0.6528965	7.020439	-0.74431264	1.9311961	9.082537	1.4224062	2.483432	-4.963692	5.4891763	-3.4044771	9.164441	3.9888058	1.2499164	-1.225091	-0.12896681	-3.0111952	1.3452132	12.36502	9.84484	9.284322	1.6929194	-4.286948	2.4796956	8.991513	12.988632	7.733432	4.7687125	8.467411	1.0311955	-5.798436
-450.65155	-21.897108	82.10388	21.205347	2.9171717	23.890862	-17.203327	8.889641	-8.403366	15.432756	13.816416	4.3220286	10.196308	3.7941937	1.8481755	6.946768	7.681253	0.7731293	-5.883383	2.4021335	7.403751	-1.2118952	-3.3868876	8.519733	-8.972147	-6.162019	3.6958742	-1.6522663	3.4835095	0.64663476	6.7405667	-1.9297826	-0.7824967	-2.4078157	1.2244412	-2.8051643	-0.5095701	8.7079315	7.5196195	-3.654181	-2.7684782	-7.3231673	0.045729876	2.9418945	4.8834333
-451.79834	-56.941906	69.265205	27.534653	2.578056	41.180122	10.805342	27.759708	-2.4581027	14.390165	6.839774	-7.381937	9.53042	-0.4872477	1.3408079	1.9111798	1.1439675	-0.6447223	-2.4663603	3.3897128	8.569219	3.6567564	-1.3780733	3.80592	-5.216203	3.0732117	7.8289833	-5.2411633	-1.7631724	-7.2548714	-2.5116775	-1.6847866	-2.214208	-1.7149844	3.3464346	-0.054613113	-7.2621245	0.775121	11.353094	-1.4196627	-3.4187002	0.078493655	5.8132358	0.22186364	-4.3814344
-446.5327	-58.098595	53.76894	23.856335	-9.667814	28.234203	-0.27177867	16.984816	-10.358537	8.034832	3.4861772	-12.147984	8.545615	-2.8593867	4.8826776	-6.604855	-5.6623936	4.7675815	0.9853804	0.08456695	11.668144	4.1438417	3.7752624	10.575399	-0.98316145	7.933763	8.87135	-6.519143	10.028475	-2.2250428	-5.55438	6.5470057	5.050152	3.7759454	3.8497972	4.305971	0.20710087	2.0799708	3.7888777	-3.4138248	-2.017576	-6.872999	5.9343376	7.8691525	-3.4600017
-413.344	-13.894117	54.60856	48.17453	4.3050337	46.76557	1.4849507	11.450869	-14.539881	2.8738124	1.8749888	-14.120271	12.844202	3.0515313	13.6081705	-4.1400404	-2.8232887	6.545408	-7.233663	-3.1810308	3.7833831	-9.220777	-13.345616	-2.9779112	-14.4267235	1.745733	-3.4116395	-10.994211	10.667278	-2.6513467	-4.208465	1.0620961	5.518133	6.0618434	1.9175079	5.191882	4.3591633	0.93889487	2.6670718	2.598103	6.6417255	-0.3919177	0.9785669	10.668385	2.4164064
-399.82782	24.451727	72.801	71.68323	-8.6232815	27.169489	-1.4503697	2.5132942	-17.58826	-9.238604	-2.9489784	-17.312912	-5.4227986	-7.7689877	2.7776902	-3.966274	-6.5693355	6.712905	-5.4427233	4.612726	3.8612227	-11.915443	-19.29716	-4.1675587	-12.090496	5.5167923	12.731664	-0.18277577	12.340784	-5.1304874	-8.253393	0.8402781	-4.8590794	-4.1852036	-8.906312	-4.238483	-0.9253097	-10.637059	-2.5795465	-3.2125912	8.478093	15.457169	7.2423787	4.62401	-3.1466694
-389.54608	59.639854	64.17581	86.06958	-15.67016	18.084885	-3.880403	0.4633587	-18.11226	-10.658016	-1.6271212	-13.343989	-3.0633557	-3.0877986	6.2467785	-1.6954603	3.237945	8.012312	-6.541915	4.4267936	-2.036292	-3.4741359	-11.889211	10.205221	-9.584271	5.712037	1.9217515	-7.6509466	1.963454	-7.7777452	-6.4895897	-1.1756682	-6.1448374	-3.1092913	-8.306494	-3.774692	4.413685	-6.9049935	4.741755	-7.6782513	-6.3379965	-6.0593553	-5.5935416	-1.9959178	-2.3106089
-367.3786	54.9281	42.636185	86.58089	-11.5355015	-3.7948813	-3.3091605	-1.2539151	7.367973	-10.39632	-11.320944	-13.056795	-5.2688975	1.1226376	-1.4822824	-12.108262	0.97190726	-3.69881	-0.35912913	-2.5871441	0.9703553	-6.305681	-0.8810835	7.6268673	-5.6401095	1.6862342	-0.3223282	-6.703389	0.06441556	-3.4826844	-6.632586	-0.97176373	-3.8504596	2.2653184	-4.8385515	-3.822103	-1.9735479	-5.289167	0.673096	-4.467377	-8.539764	-9.261593	-9.470293	-3.2050295	-3.407343
-386.99197	79.2661	28.336266	106.33761	-28.306541	2.523069	15.5178585	-24.057907	3.9210095	-13.98472	-1.4502333	-15.608543	-5.43928	-2.0930448	2.945444	-5.430167	7.9595532	-9.091101	-17.694054	-11.970977	-9.022671	-1.26433	-2.7310424	4.833601	-10.973022	7.2981243	0.5451689	-1.5965121	-4.4474874	1.4690163	0.91655576	8.336819	3.5993028	3.245088	-0.92482007	-10.277977	-0.19900882	-1.6901793	5.502124	-7.797304	-5.6424294	-3.6988115	-1.0148962	0.4554485	-1.4610331
-383.35977	80.50325	24.582548	108.818016	-31.83342	8.214418	20.481096	-20.693817	4.0843744	-14.773903	0.9917427	-14.042914	-4.0513372	-2.9652076	-0.13564867	-6.932132	15.323097	1.1637472	1.0815886	-1.7502263	-10.159046	-11.971698	-9.398348	5.2386293	-3.6215649	7.380809	-2.7617774	-5.4656277	3.867817	11.12422	7.7944136	3.2777944	-6.6245575	-7.57689	-2.1819525	-5.4748907	0.57833254	-9.764185	-5.1381717	-7.6693716	-3.5391984	-0.6958411	-6.5412693	-3.797348	-3.2581854
-392.0854	86.350586	19.2233	115.86606	-32.353127	6.314028	20.616634	-24.344082	12.435243	-7.0612397	8.36756	-8.458917	-9.1134815	-1.1354303	-1.4962279	-2.65304	12.543885	-4.424876	1.8553739	3.6055844	4.0867558	1.1084746	1.9243191	9.00239	-5.1383586	7.1889524	2.7332373	1.9438219	2.9020376	-6.6274395	-9.552148	-9.019522	-3.154829	-4.180912	-0.032092385	-9.589718	-1.9223307	-2.541183	4.3429956	-0.9726916	-8.021188	-9.051643	-18.020805	-8.52878	-1.0531387
-399.76892	78.78578	15.9591	112.33537	-30.565794	3.6233418	28.072971	-29.048038	1.7816516	-15.403387	-9.011828	-6.974475	-12.270802	4.8008585	-4.6698284	-8.306626	15.627227	-9.717124	8.014132	-2.3116822	-3.1348825	-0.07363224	-6.63832	10.446201	-8.232296	10.232452	0.69166136	-1.8397417	2.0023673	-7.314371	-6.098386	-9.060368	-4.4712496	-5.5958686	-0.20005488	-0.1630654	-0.93489385	-0.39139235	-0.1445396	-2.722063	-2.8458245	-3.5855799	-7.813566	-5.566525	-6.1607676
-380.56854	72.81047	22.533405	113.142075	-27.515518	4.38004	18.53137	-21.826912	-0.69066083	-3.7266126	-4.8385572	10.246206	-10.700556	6.965947	-2.6159174	-11.372957	14.171616	-11.819525	2.9702725	-10.403145	-3.8798037	0.18259585	-8.316514	2.624356	-10.608796	7.868885	-0.44027323	-0.63793063	5.3694916	-2.240038	-1.4714233	2.4026613	4.0920258	-3.76609	2.60095	1.8200674	-3.2245264	-4.3504233	-1.5462886	-3.8872316	-2.8427215	-6.7866225	-7.8600335	-5.6886616	-4.9268594
-391.80893	68.33613	16.658175	130.44804	-27.05386	19.4099	16.67973	-16.430016	-3.6349752	-9.569225	-19.216759	-1.730212	-15.086375	6.4052353	-6.173042	-14.584879	11.60994	-11.284723	8.608438	-4.1677485	-10.588033	-9.277847	-16.193443	0.7723088	-13.8572235	7.733034	-2.652169	-4.7461934	5.092907	2.4484253	5.9223213	-0.3294952	-0.6699416	-8.154263	-4.8397007	-2.2575154	0.83937585	-4.772027	-2.3514287	-7.5077457	-5.0896993	-6.719648	-1.9925492	-0.53090775	-2.198638
-386.9848	80.2868	11.10957	126.86752	-39.880657	13.625749	12.319254	-21.36502	-2.3229065	-11.10729	-13.302486	-1.6527004	-16.849302	1.79532	-8.116153	-14.181431	10.444099	-17.04083	5.345973	-5.029514	-7.1740265	-3.1221256	-7.12346	11.089111	-8.4547	5.9230638	-2.2909255	-3.0884233	2.4110403	-10.089659	-3.3521216	-1.0708042	8.317104	2.7142863	2.8867767	-4.3996825	-3.8603048	-4.1907377	4.834297	-1.4744326	0.6720586	-5.4761863	-3.333499	-2.0997727	0.7462497
-389.8904	79.808136	7.684717	132.2109	-33.227394	22.954464	23.262232	-19.27133	-0.6063801	-10.506354	-9.460651	0.9324621	-15.955999	4.5308824	-7.5072384	-13.026808	18.064787	-11.838373	13.588734	0.6827158	0.83367705	5.5056157	-3.0594082	13.062773	-9.5006275	11.4933605	5.810431	-5.462689	3.768559	-12.780406	-0.6397407	-9.442398	2.3041043	-3.3791606	-3.4939952	-5.7033234	-3.0976071	-0.96724683	3.1370935	-2.2079306	6.450674	-5.1402946	-3.7355955	-9.104082	-2.8655543
-349.7615	47.0276	23.749819	98.04206	-23.352753	17.837563	14.111551	-20.44493	-7.277768	-11.842844	-9.710125	-11.708649	-11.167349	1.433739	-7.4493823	-6.493997	6.092562	-6.0726557	-3.1457272	2.2748573	-2.289373	-2.806347	0.6721034	4.941023	-3.3025131	4.892023	2.0627716	-7.9506993	-2.1362944	-7.390681	-7.134521	-2.8586192	0.17911206	-1.1748202	-0.66720533	-1.534016	-2.8591723	-3.5278435	-2.1268804	-4.116554	-2.5281057	-0.67877495	-3.6916678	-3.2930508	-4.4104466
-379.60965	69.72073	15.526415	124.13722	-33.84884	11.165487	15.354389	-14.849039	-0.002347231	0.5822689	-4.651165	1.8800913	-10.954338	7.07679	-1.8487308	-9.929126	13.362221	-13.252752	-1.1232167	-1.8709295	-4.4555798	-6.3514323	-15.790649	3.9039454	-4.2779713	6.244211	-1.7669562	-4.651066	3.834897	-4.685714	-1.9305208	0.6779325	-1.0939107	-0.73544407	5.33187	0.3960145	-2.340019	-7.719303	-4.7114854	-7.9409614	-3.498386	-6.230068	-10.090513	-7.7515955	-4.149251
-386.91907	76.32395	2.0210123	124.3159	-38.02952	6.6870556	10.0708885	-26.701664	-10.00362	-4.9845223	-13.915512	5.264699	-12.683405	8.574312	-0.10937923	-8.488562	22.897797	-5.1539645	18.91026	4.188	1.685568	-2.1534836	-14.53717	-6.1981554	-20.949053	3.8093433	8.594297	4.8434944	11.55234	-10.386962	-9.81309	-8.521682	0.9847331	-3.3896074	-4.3855047	-12.508881	-4.8689976	-8.073015	0.6187606	-10.125926	-0.110511154	-0.28525192	1.3133267	-2.9328456	-5.149001
-384.44476	81.84267	8.089011	134.4181	-33.52238	8.359125	12.2376995	-22.853144	-13.157293	-5.3117	-10.8350525	10.3286705	-7.7400923	9.245134	-4.8779697	-21.524288	12.047667	-11.961557	12.403956	-0.4062446	-5.804883	-7.0758824	-6.2173376	9.541684	-6.147008	4.269814	5.4242725	-13.627649	-0.095038176	-15.021472	-2.5218801	-3.1095514	3.3397543	-1.5503979	6.3986306	3.4328601	10.102236	-8.715517	-3.6846642	-16.60682	-5.263497	-2.0884027	-1.3827374	0.21628773	-8.278896
-355.08575	101.57255	-0.07298565	114.28464	-47.18849	7.540597	14.7043495	-15.610408	-8.367127	-2.3146353	-8.045432	7.40831	-10.237833	8.495787	3.6608837	-10.136702	18.986523	-6.281358	7.690334	2.5465546	1.2356466	-2.2080832	-2.7801337	6.839486	-7.312106	1.8563998	4.842094	-13.898685	3.6881523	-7.680664	-2.0342336	-2.331292	3.7485378	-4.9227476	0.21228164	-4.376065	2.088443	-11.999161	0.5715119	-12.456604	-5.4973106	-7.093264	-9.996744	-4.450638	-9.436331
-358.35974	81.2196	10.856714	123.310486	-26.944815	2.2605708	13.798508	-19.56493	-14.882693	-4.655168	-1.4470696	12.460468	0.38988125	2.4765944	-6.2881737	-15.706239	19.264883	2.5199018	-1.974528	0.95087326	1.4989825	1.0733879	-14.487297	-5.215993	-7.819879	0.49179387	4.187317	-6.874932	6.7681265	-1.5708315	-0.18004122	-1.4695084	0.387608	-0.9650352	4.2041636	1.8305373	1.0831089	-8.50893	-4.7119007	-13.074793	-14.269911	-4.0591526	-5.1272287	4.142597	-4.804555
-366.7954	89.83287	7.3113422	120.80084	-30.13235	-0.19939458	14.045341	-19.91568	-15.902385	-8.713893	-10.31608	0.51970243	-11.700475	0.33803564	1.3955839	-12.226479	15.029443	-1.6753793	2.4139922	5.407153	-3.9270391	-3.076489	-13.527057	-0.3079549	-12.825269	-4.023814	4.5208635	-5.6708064	5.7121725	0.90754724	-0.7746936	-3.3558064	-1.0288091	-2.2647352	-1.4199306	-2.7426176	1.7384925	-4.9122515	-2.1010962	-4.223838	-2.8208828	-0.6033471	-6.0151234	-0.6540357	-2.298246
-386.081	95.076614	11.37533	123.41933	-21.435059	-10.090249	18.618439	-23.6605	-9.342028	-11.815942	-11.522493	-0.3156744	-12.241501	7.708679	4.948363	-8.498287	7.9407496	-5.300577	-1.4568057	5.053481	0.8253893	-0.66292953	-9.07235	1.0022204	-6.042073	-2.74038	4.0694237	-7.9655886	-2.7903502	-1.7135137	-3.1110406	-6.4932146	-1.2929983	1.7277563	6.4059777	-2.817162	-1.2944889	-5.5026317	0.7971368	0.87741953	-4.368219	-4.4472885	-7.7459183	2.3194034	0.10462403
-402.31085	115.473595	13.839756	105.290596	-41.453423	-14.177284	27.304996	-10.51646	-7.3218784	-15.018002	5.4405107	10.586797	-8.307727	1.7123107	10.287119	-9.634733	8.234957	-2.9098709	1.3365358	1.8656179	-0.39729726	-5.6914234	-5.103669	3.506881	-3.4928288	-3.328717	5.9486456	-6.9834146	-0.771241	2.3860817	-4.953956	1.1704388	-0.9873103	-0.20423943	-2.6455307	1.257209	-6.0871763	-9.960418	-2.8803067	-9.089284	-9.83213	-1.507288	-4.7128644	-0.058740973	0.34025168
-517.90137	103.43155	42.096912	87.21019	12.552756	-7.0052967	6.052928	10.300248	-1.4099253	3.1980267	7.372459	-0.8996082	-0.1809237	-5.6874704	3.5430326	0.40109813	5.3742824	-0.11389744	2.0985131	-8.939644	-1.6457473	-1.5650556	-4.1259995	-4.267647	2.4291573	1.4486485	-0.28821826	6.9271636	-5.750387	-0.51279724	-4.411627	-1.5886194	-1.7342823	-0.09852886	-1.4761486	5.367094	-4.931018	-1.985513	-12.718471	-5.730198	-13.566275	2.6659527	1.4580307	5.753582	-2.0493302
-596.726	140.11108	54.18582	79.91554	5.414425	-5.35242	18.272232	1.223283	5.2000093	-1.9795533	0.24369492	-10.198085	-22.376204	0.24794483	7.8001404	-5.439727	4.234935	15.08202	-1.4956691	-1.9177808	-12.0376625	-9.357037	-0.41041195	-6.4198728	5.7434673	-0.22191465	-1.6483645	-1.9149749	-0.29603243	-0.06840131	-3.1899261	-1.2575215	-4.7505493	-1.2612009	4.9958987	2.5285218	-5.4325094	-0.8889662	-5.3872523	1.7961285	1.6910967	5.171152	2.5664349	-1.6610111	1.802397
-591.8994	146.45592	52.277428	75.824005	9.879105	-2.553048	17.319172	1.8192784	8.903404	-2.973517	-4.3303885	-11.13401	-18.821712	2.0922432	8.900925	-1.8263838	10.949638	10.0056305	-9.392601	-3.008449	-10.44462	-8.089525	-3.350664	-5.8674784	3.4912515	-3.1007814	-0.2606076	1.6137311	-2.7429843	-6.443998	-4.926996	5.841193	-2.7551684	-0.81170124	-0.93414164	0.7526582	-3.7252584	0.03592807	1.0080597	3.7528653	0.735448	-1.7646315	-3.3837037	-9.502094	1.102578
-571.61536	147.32956	49.992184	62.90988	2.804881	-9.808009	0.8223106	-11.934591	-2.645763	4.940427	11.2323675	0.8981235	-11.51171	-1.3311517	4.241171	-0.27594042	5.2194633	1.7656718	-6.2648935	-4.311549	-9.455971	-1.941205	-2.068953	-5.723659	5.6642895	-4.817067	-8.536858	-3.575707	-9.289316	-10.6252775	-0.3206107	2.7154427	-1.3674934	-7.5367436	-14.338415	-13.998313	-11.491108	-3.1515749	1.6713338	2.3017294	-4.7642765	-2.263428	-0.5172642	-2.3672514	4.3948445
-575.34314	151.04831	42.020485	59.29416	0.4563771	-2.9928634	21.80747	2.7993824	1.1167699	4.899578	-2.7943342	-11.289967	-9.948578	-2.558004	6.5179768	3.2424831	2.5839095	1.252841	1.3495276	-7.3727374	-16.033255	-2.2159457	-0.87826425	-10.154585	2.4603386	-2.0035057	-7.7395372	3.4018965	-8.089593	-8.1549	-5.265665	-4.8002057	-3.3156128	-16.336914	-10.307166	-0.33262217	-2.382227	-7.2634735	1.4881556	-3.444862	-10.05724	-4.1105857	-4.602051	2.2818832	10.311136
-556.1761	156.12106	28.131168	51.179523	-3.3910122	-6.2049103	21.3005	-0.62170225	-1.4223844	10.898317	-0.2880813	-7.102094	-8.664392	-3.0793886	6.389325	2.011426	-3.1581016	-4.2051744	-1.8061991	-4.145178	-10.623577	-0.8153858	-1.5428743	-11.030199	1.3191546	-3.9091382	-3.4583316	5.3361244	-0.021668077	-0.3287633	-0.6628237	-4.123755	-2.6814845	-11.460186	-8.854555	-0.16047013	-6.093608	-13.34469	1.046089	0.9398265	-4.536279	4.582884	13.721398	14.436419	11.522255
-544.3252	158.39392	27.961876	60.188835	-5.5716014	-7.8530807	17.995916	-3.1705687	0.021860003	12.104976	-8.902057	-18.02797	-8.633233	3.9892366	6.7203736	4.5290823	1.1790224	3.2639687	-2.8059611	-14.139757	-11.98142	1.5154779	5.5985656	-7.299152	7.807167	-6.7495184	-5.3640537	2.0212529	-2.7709131	-2.2442706	-3.5605948	-6.3442426	-3.098594	-2.5741935	-5.6707997	4.471976	-1.5502765	-10.436981	-0.81088114	-2.2946587	2.7046928	12.45401	13.103763	15.5948105	10.765746
-542.1432	162.38489	28.101196	59.54852	-3.0296412	-5.459218	22.109968	2.8067048	-1.7737671	15.2271595	-5.8386173	-10.578676	-7.1648684	-1.7873924	1.2531452	-0.7924423	-3.9238484	0.4712361	-4.5313797	-12.188	-13.803416	1.8793681	2.1226516	-9.013241	6.418865	-1.949422	4.1754975	8.545296	-4.2911277	-2.7671676	0.6221137	-7.5789433	-3.6385808	-9.921668	-6.288065	3.8427527	-3.7715302	-6.982027	0.26544678	6.6809855	6.860893	10.613802	15.497423	9.987621	8.035568
-551.1047	158.05261	32.846046	71.72993	6.317894	-10.554438	20.039814	2.2532845	-2.0976934	18.432568	-11.954067	-18.961536	-6.1937475	-4.967713	15.897215	8.331032	3.01915	7.775518	1.6988951	0.25955123	-15.952789	0.983387	-2.2964637	-15.83917	-6.0344286	-9.878718	1.8232534	9.798479	-9.919214	-0.42703867	-3.5274968	-7.952002	-1.8065754	-4.2545233	-4.4181447	3.8591018	-6.680617	-5.915592	-0.5998254	12.971708	13.603535	13.186464	11.57868	5.254629	2.247316
-536.45807	156.02069	43.85457	64.72162	9.655655	-9.337671	21.765736	-10.30587	-5.9007816	8.193445	-3.2725682	-15.194435	0.30685702	-2.7032957	10.956241	5.6633196	-6.6060195	0.44733313	-8.514843	-5.37912	-15.074265	7.7767267	2.7232661	-0.89701927	4.3884506	-2.958025	-2.9827046	-6.9608974	-13.744354	-2.7541296	-3.4259248	-0.972836	6.2228336	0.4058044	-6.271046	-0.5993538	-1.9484853	-5.478326	7.6241484	15.82929	14.576264	2.7255752	2.6341672	0.77545595	-4.3677673
-535.5823	151.7126	48.155766	61.335968	11.900586	-18.723858	10.630095	-5.967549	2.9142113	14.386663	0.9677031	-15.09675	-3.1767445	-7.1922884	4.5004807	11.780579	4.871132	11.334097	3.4184265	-11.047264	-17.950764	2.628515	-2.852789	-3.4378963	-5.264525	-8.378382	-7.653076	-5.671405	-9.81674	0.11366327	1.1382328	1.1143452	2.7496889	-0.6634426	-14.131542	4.1620336	9.600014	6.7344103	9.105528	8.2717905	6.1631403	3.8411624	3.071942	9.067972	0.48655778
-550.134	151.34479	48.45516	50.24553	4.4305615	-14.832553	22.392418	-1.5060396	1.118844	4.563922	-12.001062	-25.501884	-1.5660069	-5.7155333	2.6133728	5.0394206	-6.0971575	9.3708515	-2.5188346	-5.694525	-9.635195	4.273063	1.9350028	-4.128866	-2.1080415	-1.4171329	3.5226502	1.0135177	-13.900375	4.714102	-0.51405835	-4.7105465	-3.9952369	3.5888743	5.713541	16.926603	13.742227	11.055431	6.7497087	3.173441	7.319914	1.6570756	1.5469064	4.8301444	2.0268717
-560.5889	152.20486	41.89409	52.81771	-9.867202	-9.733042	12.542191	6.1964583	4.234683	5.191801	-5.5855026	-14.900665	5.5418987	-2.2828288	-0.8502846	-1.1145488	-8.637751	12.186567	4.4030657	-3.6637692	-4.253113	3.1506608	-0.11327246	-11.357086	-12.912743	-17.116844	-2.9067087	-6.8481607	-12.922171	8.215469	-0.76334673	-3.0317593	5.377988	9.541026	13.457824	10.359893	7.910962	3.3478055	-6.33573	-2.862514	10.368184	6.985181	6.828842	5.2147713	-6.083128
-568.8011	154.86673	32.981438	41.389156	-4.2768784	1.8541228	18.334053	5.86143	-2.708971	-2.4209309	-11.5239525	-20.631102	5.563257	-0.10186076	7.1372623	4.2082405	-12.828762	-0.2479032	-7.368755	-15.205338	-13.323896	-5.571679	-4.858288	-7.982629	-3.09012	-16.869843	-3.952972	-10.600122	-15.442939	2.5552697	0.2432619	3.2719207	10.748656	9.37984	11.3524275	7.2027316	8.693037	-5.241906	-9.455616	1.8372881	7.5222945	0.81447387	-3.6288357	0.5472037	-4.9180255
-601.3528	147.47092	52.208733	46.889458	8.382069	11.204565	15.431528	13.274635	-6.4659424	-9.045229	-9.900976	-17.246445	-1.5524836	-2.1532836	3.6407788	1.2192155	-3.001557	3.4861116	-4.24173	0.59852487	0.39605594	-10.031504	-2.6879153	-7.688205	-8.388714	-0.5372941	10.030441	-2.0140138	-4.6312943	8.616869	-2.746581	6.4194503	9.039014	6.391838	8.648098	0.99025786	3.6833596	0.80802417	-3.4337645	8.808278	5.809007	-5.8767953	-13.421664	-5.786984	-2.979325
-625.5186	135.05548	55.131584	39.345783	3.4524407	1.2105978	6.0949073	6.293028	-6.5030956	-8.659016	-12.147692	-16.736923	-8.272953	-8.51404	3.3050961	0.61306226	-4.7998977	2.7016492	-2.860225	-2.3289766	-2.6456983	-0.2475907	3.8899894	3.665689	1.3169055	0.5337597	7.9515	-0.047076344	3.3195817	21.602364	7.6270947	7.2984343	2.6179569	3.9071734	7.274248	3.1461167	5.3509216	3.2485223	-5.967124	-5.438908	-0.41970694	0.08326876	-7.115859	0.5466033	-2.866532
-642.466	130.86632	60.79668	40.76201	17.222334	17.298178	11.493078	13.308922	2.100834	-10.791294	-15.27367	-1.7601634	3.1418443	-3.183697	-1.2208496	-6.0129824	-4.8274565	0.44655347	-1.6743095	-0.51709163	1.3330626	8.741306	9.860138	-4.603783	-7.2525873	-1.4859164	7.21859	8.979849	8.893301	19.503836	4.9012985	7.4127483	-2.4773335	-2.2002652	4.433008	0.055845976	-1.6208725	-0.34714562	-7.7154627	-11.328349	-0.6322558	7.02533	-0.1665268	-2.4488268	-5.4983087
-648.0992	126.26092	52.64273	38.578568	16.321552	14.294941	14.724592	16.051577	14.708805	7.587575	-4.936147	-7.9982357	-11.825815	-4.552466	4.4466357	4.8187456	-5.515815	-6.7604723	0.4270885	-3.834222	2.6473694	9.74649	7.031249	-4.195052	0.62137794	8.372048	14.312724	10.702699	-1.0424668	2.5484538	-4.094164	5.9993258	-0.2414962	-0.56620604	2.3719673	7.720466	5.289773	6.1835837	0.99763215	-4.2158165	2.0224195	4.8613167	-2.3926227	1.9513513	-2.6200585
-682.4287	96.3777	45.746986	46.527214	28.185638	20.064661	8.021828	3.1744833	-4.282048	-0.9178686	1.4633543	8.479027	-2.2792048	1.2363353	12.959028	12.978474	0.41107556	-8.916643	6.1884	2.6127048	10.502298	14.138287	10.670408	7.0360293	14.3678	6.528507	2.505352	-4.115673	-8.0587845	2.5100632	3.3773167	5.432433	-0.749439	-1.3806374	-8.633623	-3.785103	-1.6247891	4.320126	0.3136355	-1.8720987	8.887419	-3.978047	-9.466127	-0.25188816	-2.2284188