-627.47864	86.87674	-26.440718	8.755147	14.629686	31.442524	11.712027	-4.4006166	1.1671889	17.50423	7.8558245	8.9921665	11.613792	-8.524863	1.8001418	3.9455404	17.615982	18.512417	4.8464966	2.28295	8.675712	15.2160425	6.9387565	10.049469	15.366472	-2.5399487	1.0391194	-1.041573	-9.553823	2.0275054	9.605501	4.2462945	3.256693	-0.669136	-6.234041	-4.8490105	5.973358	2.911498	-0.94080067	-0.20979702	-0.16374254	-1.6831686	-1.2283701	-6.604683	-5.3281226
-591.4862	88.899155	-39.999344	10.622657	9.456787	37.12039	11.101257	-2.4824843	14.606424	35.44126	8.804615	5.1000586	12.336145	-11.051859	-5.1873145	0.5373794	20.161625	24.925812	11.530753	7.0972013	-0.22856486	3.4680696	-5.660487	-4.03511	1.8694677	0.17182267	6.1596384	6.7589455	-4.9086657	4.961069	11.483413	4.365634	5.829438	5.732661	-9.366429	-1.7335665	7.410737	2.0453355	5.839116	11.281612	8.157993	3.7450829	-7.76232	-8.774499	-3.2325935
-548.6773	84.54369	-36.25368	11.312651	-2.1577349	32.045364	-1.5928848	11.6741705	20.362984	33.834366	5.669391	7.93559	15.70512	-1.0593195	5.937626	3.4978614	9.627954	7.89036	3.2742617	2.712485	8.310915	13.366474	-1.3661538	1.6324701	6.9154177	5.8399544	9.1958885	8.959385	-0.88362503	7.452342	8.741474	-0.59196126	4.255662	0.56231236	-8.677422	1.5570987	8.863046	-4.263194	-0.79749036	5.2207766	-5.162207	2.202927	6.0844917	-1.301018	-8.009838
-498.60574	83.449615	-27.807133	23.050644	0.08886814	39.279797	9.865381	16.390133	9.589771	32.098347	3.5204372	2.526006	0.124118954	-2.7155092	11.426129	2.6714628	12.731052	11.998188	4.237475	-5.7997737	1.695595	-1.299655	-20.95273	2.4894648	8.230601	2.527338	9.810824	9.97832	-2.81733	-1.7215127	-5.0460014	-3.4821086	7.2836714	2.0553274	-1.5501788	-1.9658579	-1.5922208	5.318206	6.025758	-2.3678434	-8.149741	-0.8631741	-0.85742044	-2.0927887	-1.2484168
-470.84857	78.04741	-33.2426	18.166325	-6.796382	30.174637	6.2061915	5.850115	6.5178123	36.305164	4.0171	5.858039	8.9453745	-1.6283014	5.365815	-7.136838	2.5411236	10.168447	2.354099	0.8217591	8.630742	6.1982193	-11.023039	0.9995401	10.710138	5.587666	-2.1581776	-1.4806864	-6.9335637	-5.044942	-3.9509451	3.630487	7.8449073	1.2593745	-4.8596845	-7.781315	9.966806	9.001961	4.0845714	8.504571	-0.5483856	-4.255207	-9.929657	-3.9619632	-3.3834023
-468.88937	73.40767	-36.084976	12.357042	-10.786266	26.721884	-5.149409	6.3453603	7.8711634	34.364	0.98749864	7.2488613	16.103088	-2.382988	3.9363003	-6.331055	-4.3497314	2.5185895	4.5957804	-2.10533	2.0881531	6.6492176	-5.552128	12.274637	10.147261	-1.971087	13.632673	7.8303633	-5.05501	9.862074	5.6418123	1.8440115	0.2395296	-1.8289074	-5.51585	-6.4719677	-6.5240326	-5.8453836	-0.41118345	5.5978594	1.9984225	-0.027547956	-4.0030937	-2.1504045	1.2149136
-411.83203	118.09567	-10.856155	21.187994	0.16672754	39.446487	3.7013888	4.6123567	-2.158098	18.184052	-13.778152	-10.631239	0.26302618	-8.961269	1.8818243	-0.018795967	6.7494516	3.5234704	1.2978306	-0.63430643	-2.5933878	4.3196173	-11.866442	1.6049583	4.698367	-2.9497695	-0.8129082	3.13375	-0.32239002	-1.8466647	-0.81331897	3.5413249	3.7638683	1.1826136	-2.883167	-2.6507437	-0.52208644	-4.757702	0.14550376	-0.063123524	1.9829366	5.536625	3.9046197	-4.874639	-3.165031
-375.25583	130.8833	-22.34619	8.222496	-13.400932	28.05133	-0.14839447	-0.65040624	-2.6102006	25.743423	-1.7794465	-1.6287977	7.77272	-6.2884636	-6.6430063	-5.5012975	0.99423516	3.6194072	-5.429867	-7.1289387	-12.412966	0.4347248	-15.417404	-5.3100767	2.2684298	-5.4278617	-7.368687	2.114976	-7.8919983	-5.7441044	-4.365	4.849101	-6.296868	-3.7860212	-4.483555	-1.790979	5.4906664	1.2247789	1.4970996	3.5418117	3.765506	7.514837	8.782585	10.845934	14.964057
-332.38925	143.79752	-40.58195	-4.939586	-17.515915	25.64623	-4.8275805	-4.9755664	-3.1813388	18.834557	-1.5015328	-1.3584316	5.185621	0.30741954	-2.2765799	-3.1859221	3.0855193	5.4142547	3.1327336	3.5723407	-5.3264465	0.89511	-8.479576	-9.53142	2.6404767	-7.1204863	-5.644013	-2.9058814	-4.0808744	-4.456058	-8.025866	-2.639748	-3.5415936	0.08119699	-2.6204154	-7.28939	2.0239692	-5.3934555	-0.26493847	1.7324055	0.98145217	-1.3859036	-0.16067779	7.583805	21.38212
-312.38025	149.27515	-53.786003	-4.096776	-4.879677	30.620071	1.0270667	0.70353603	-13.490595	17.74692	-1.9031787	-11.796289	4.0850935	-2.8341784	-10.248769	-4.8503714	-6.805646	-2.157183	-0.3799162	7.023299	-10.0271	0.078663304	-10.684989	-7.0287857	-5.851462	-9.302935	-9.820139	-2.7436304	-4.62702	-0.9067739	4.820613	-2.0793195	-2.488872	-0.27168614	-1.3065417	-7.906807	-1.7109776	-2.498354	-4.584073	-4.919782	-7.552659	-3.9069114	-2.9803205	8.0503025	16.95617
-279.28317	141.90536	-63.55737	6.1547194	-6.7805166	20.878433	12.170822	-10.7383	-3.9778314	28.922106	0.23674512	0.68550503	4.223342	-1.2839341	-5.9002786	-6.4992733	-4.637904	-0.22136514	3.5718892	-2.5287466	-18.278534	-2.2083051	-10.465201	-0.44575268	1.6366426	-0.050215334	1.8565481	0.70020986	-2.5825653	-2.661446	1.4967544	-0.16369987	-4.396515	-0.75693464	-2.6074343	-4.692931	-3.0119803	-1.1247714	-3.1563315	-4.7564178	-7.786237	-5.6307907	-3.558918	5.3469005	11.628833
-265.2609	144.01743	-68.06006	12.113177	-18.552498	18.96846	16.010094	-12.250229	1.0434113	20.283165	-2.7913017	-5.948567	0.44791746	-4.975407	-7.937579	-2.3597496	-4.9356217	4.8771954	-0.21148026	5.176055	-9.743635	0.18532442	-8.168927	-6.833308	0.18041492	-4.77622	-4.1195946	5.13504	-1.2264792	-2.3767471	-2.6099966	0.67306113	0.63028705	2.7980766	-2.4222672	-3.5739212	-4.084166	-4.364043	-2.9046242	0.042878628	-2.6365523	-5.3031235	-4.1675806	6.467182	10.907988
-256.6301	136.65054	-76.70291	19.091564	-22.217876	24.931644	8.983026	-14.434881	-1.1096479	17.957474	-1.8947544	-5.708067	9.512341	-2.9580896	2.536065	-6.344688	-6.1354256	-2.846676	-1.2548988	5.7792177	-9.91559	1.5272746	-4.717919	-7.851776	-2.9469926	-2.7694564	-2.3187535	4.7532654	-3.6970115	-2.0246189	-2.1842217	-8.41658	-7.6511545	-0.9324708	1.9275607	-3.3027506	-6.384507	-2.4822025	-1.19361	-2.9989462	-7.072036	-8.407792	-3.564144	2.1303608	11.10487
-243.6807	122.94275	-84.0397	13.650758	-32.35329	21.559978	3.3059564	-8.94367	0.8300934	23.76354	-1.8863122	-4.594576	7.3110275	-1.5492616	4.712719	-10.019842	-5.06427	-1.8172759	5.3001795	6.5456433	-11.641977	-3.0526445	-6.5783772	-8.176857	-3.9339967	-2.9066286	-4.632347	3.241593	-4.4113364	-5.7465177	-4.647906	-10.302503	-10.582525	-9.458067	-6.815862	-9.521124	-9.383625	-7.5276327	-4.7483115	0.0684088	-1.9434533	-1.4155872	1.2191911	7.3139477	13.039009
-237.0471	120.004745	-79.33966	18.216267	-30.984173	23.599716	1.296485	-8.467335	-1.620445	23.367115	-5.6880217	-4.5761857	5.664283	-2.0188756	3.5825782	-11.712303	0.670392	4.5597725	12.760218	10.591747	-7.4902325	0.6508285	-0.75744295	-5.1024876	-3.211457	-4.65605	-7.052958	0.437209	-5.2902327	-6.63655	-1.7930984	-6.436164	-3.5716887	-5.237838	-4.612156	-5.1176405	-1.3006828	-2.2442074	-5.1454296	-2.4609823	-2.2190638	-2.6516266	-3.1056783	3.8108482	13.099838
-242.65688	123.14925	-87.01184	26.06835	-35.020752	34.933105	-3.1565363	-9.162158	-9.193991	26.86379	-9.002337	-2.5636365	1.9319938	-6.0246396	-5.519297	-12.726221	0.59960234	5.5085845	6.804718	5.8789706	-13.7217865	-2.2813368	-2.647735	-6.083765	0.33436996	-1.3528156	-5.60569	2.4940343	-4.577884	-4.3439884	-0.015088677	-1.05689	-0.52836156	-1.4647083	-4.9722686	-4.680238	-0.41629285	2.7855136	-1.0639248	-0.3426342	-6.036593	-7.6747847	-4.3657246	8.580143	16.421432
-236.39214	118.62687	-75.3566	21.890324	-31.412209	24.105062	-0.64792216	-13.489786	-5.471094	22.056473	-4.603023	-2.0650594	1.1911589	-10.375759	-9.719251	-17.097225	-2.1573553	2.2101316	5.8928795	2.4710698	-16.074694	-8.240475	-4.190231	-8.303934	3.4290605	0.73118126	-3.2731938	0.26390553	-5.2216396	-2.3207994	4.0699005	-0.124958515	2.2623935	3.5408163	-0.29305506	-3.978132	-2.815919	-0.9203874	-0.09452438	0.7966118	-5.194208	-9.273089	-5.6112146	4.5629425	12.31492
-218.74022	107.540665	-67.73567	18.868683	-20.829664	15.882157	-1.6714044	-15.692028	-2.238792	8.68951	-6.938158	-4.2593155	8.20344	-1.7308822	-3.958908	-7.4350147	-6.7296314	2.1059117	7.1315784	4.2509365	-13.368965	-6.469549	-0.5361903	-8.207298	2.1790504	-2.4227886	-0.9481199	0.93655086	0.15573454	-7.190533	0.3863492	-5.5500374	-6.652687	-3.6456733	-1.779955	0.14614111	1.6938953	2.7377646	3.753022	-0.66891575	-3.527607	-6.453684	-3.2087445	9.533302	15.272696
-241.23047	114.31265	-74.68008	30.077068	-25.57585	24.11715	-2.4944108	-8.54854	-0.39740717	22.812523	-5.4536304	-4.4358397	12.072827	0.3573767	2.6599636	-13.189917	1.9163861	-0.48753452	2.0236716	5.8547735	-5.566105	0.34635115	0.42675972	-16.877913	-4.2275767	-2.6405616	-0.26897454	7.1924205	-6.0639334	-7.2548947	-4.26263	-4.058436	-5.038366	-2.228169	-2.3316278	-3.87645	-0.44717932	3.7615366	-6.590952	-2.8180466	-6.4710126	-5.627189	3.2012196	12.071254	16.086037
-237.92662	116.74191	-81.77313	24.850222	-29.648087	24.944138	-0.4227208	-1.0469787	1.5977724	20.681744	-9.74471	-5.2763743	8.091918	-6.3506756	-3.1442757	-16.332602	0.48604822	0.6376109	2.4025474	8.940968	-9.064036	-3.7054024	-6.182423	-14.977293	-1.4799191	-2.3838015	-11.052128	0.68454516	-0.36368406	0.40837884	-0.66570807	-4.364621	-3.6904707	-2.812184	-2.721498	-6.8339424	-10.685446	-4.810755	-2.265105	-4.0446978	-7.4172807	-3.2855601	7.000099	18.005499	14.42919
-241.99574	103.42804	-91.60243	17.971382	-31.416359	24.658375	-3.846339	-1.8440053	5.773802	27.003971	-3.097075	2.445726	16.08021	-0.8478918	-2.2646081	-16.525038	3.1282854	-0.11119729	5.4524403	4.2275944	-14.838031	-2.0569715	-2.9859457	-10.330393	0.41922283	2.2241685	-7.6542954	3.1437342	-5.8779197	-7.7468576	-3.9956822	-6.6536655	-9.568175	-2.9852228	-6.924204	-9.61656	-6.6260853	-5.192541	-7.812983	-4.3218365	-0.9226732	3.0056064	13.546745	23.488382	20.704258
-247.98149	87.47672	-67.56763	21.705772	-18.096437	14.279425	-2.2084045	-12.933189	7.97449	9.108599	-15.98111	-18.162624	8.264547	4.783311	-0.6369456	-10.363335	-0.09868109	-2.9038777	5.361145	0.0051920563	-14.229016	-4.0106535	-6.732725	-9.511132	5.014751	7.617319	-1.6114614	-2.9121327	-14.476364	-13.340357	-0.41216135	-1.6906244	-3.960106	-0.6938096	0.85859674	-2.442697	-2.1618576	-2.0817971	-7.7988935	-8.988596	-6.8900666	-0.34805918	9.368465	21.82703	24.460506
-249.60161	112.86577	-71.915115	31.241371	-25.962317	12.433056	-6.040242	-5.0570993	7.446854	21.096624	-12.87858	-5.6245546	14.385975	-1.7853718	-3.1851168	-15.811143	4.0423036	-0.11259413	2.2837958	4.3472977	-13.666685	-0.6024384	-7.1453867	-15.534747	0.33644396	3.1278658	-5.799796	-0.56413645	-8.444326	-4.732334	-2.5145059	-4.2241974	-5.002245	0.00019085407	-1.4238756	-6.15526	-1.2660799	0.29875135	-3.5075908	-6.3641334	-5.0229864	0.002780199	8.154644	17.240883	15.847366
-252.61528	115.61282	-70.96582	41.435326	-25.848717	7.8216276	-7.782173	-0.52803886	6.8747997	24.373245	-10.518456	2.5041583	14.615622	-7.991038	-7.6944666	-18.387173	6.431638	-4.147275	-3.0494483	0.74271196	-16.016933	0.5634638	-5.707878	-7.508795	8.519949	6.314134	-1.9100629	5.974058	-5.589422	0.17450222	2.1482892	3.283836	-7.8625283	-8.560836	-3.674996	-2.3202024	0.74256396	-2.2031019	-3.7075758	-3.599021	-4.8339405	-0.36123168	9.200435	20.367964	15.522182
-253.74915	104.89296	-62.16432	39.728714	-15.606512	4.1936193	-6.471902	-11.244198	2.5850637	12.734541	-15.433685	-1.8978838	16.103138	-6.9396358	-6.8652716	-17.074257	6.042317	-3.749248	-2.7379441	7.561123	-13.190271	1.1059954	-10.41894	-11.149172	6.9375105	2.9530468	-2.408554	2.938511	-6.3798056	-4.1009665	-0.94979954	0.8641438	-3.6287212	-5.4687605	0.13838518	1.6002152	5.246034	-3.1813772	-6.55343	-8.329524	-8.878485	-1.1857114	13.631855	23.32713	15.6572485
-252.70653	99.78418	-63.403168	48.636635	-22.740387	-3.8941936	-6.765941	-1.708453	12.900832	17.283829	-8.723014	2.0205348	10.098042	-12.772858	-5.3849745	-11.545055	5.7710586	-3.567305	-2.403137	6.1564856	-17.58613	-0.76739585	-8.896207	-6.428932	8.1106205	2.259109	-2.7950337	-4.8949175	-4.089261	-0.79346704	1.9742516	7.2680607	1.3891821	-6.6812763	-6.4142637	-2.887995	0.89895356	0.106538296	-3.3437493	-10.860158	-5.4127464	2.612946	14.208406	19.299799	17.224796
-266.31033	105.62474	-68.89135	66.50149	-24.428125	5.603992	-8.413976	9.2674055	7.4767084	7.6773796	-12.338278	6.7466187	17.069618	-8.6252	-0.7991394	-11.334814	6.498395	-5.39886	4.146536	12.987089	-19.782658	-2.0096273	-9.080343	-1.8065423	6.730277	-4.17351	-4.6749144	4.5254345	-1.9819725	-4.5189695	-2.3512852	1.1452012	-7.242428	-3.3953085	6.991994	0.6150396	-1.520196	-4.9223747	-7.5411577	-9.35011	-6.774384	1.953715	9.773418	22.923595	22.31589
-283.51157	98.40248	-88.00479	63.04695	-39.31214	-0.13892949	-15.924391	11.915739	7.0007496	15.04907	0.6003592	9.817096	9.589395	-17.11769	-4.11211	-11.504237	6.522445	-7.9415708	-0.8368616	9.524782	-23.537748	2.447824	-9.660986	-4.46768	-2.2408667	-6.532517	-6.9831195	-3.4664621	-6.0356746	-2.5849705	-1.317321	-3.1893623	-13.673477	-5.4503803	-7.0493455	-9.957857	-7.2709646	-2.9578624	-10.153711	-8.613955	-7.692882	9.372457	15.3298	24.469345	22.153355
-297.83914	104.01958	-66.49641	79.389534	-36.465515	-7.5847707	-8.144917	13.583061	7.017579	1.6738473	1.6518005	3.7930293	-0.034297794	-15.139322	-1.13849	-4.876551	7.0263705	-8.452751	8.772961	8.221193	-11.977462	2.437582	-2.6276574	-6.371861	-2.250241	-3.4356165	0.30587807	-3.2946215	-3.0012412	-3.8790028	-0.98809224	1.4092954	1.3104815	1.8322479	0.51930773	-3.9834917	-2.2922335	-5.8144026	-10.830904	-8.08581	-2.780425	6.9183083	11.713744	22.882607	18.881676
-300.50815	84.73543	-36.641045	79.69649	-18.052608	-22.69491	-0.87613726	3.8981533	-0.69640195	-12.624235	-7.4799137	9.098034	4.560503	-3.199114	-1.5885555	-8.986824	-0.5743035	-4.9827714	-2.866877	-6.7119484	-16.013798	5.171356	-3.5375838	-12.061968	-5.7185845	-6.1473	1.745104	-2.6292374	-6.1419163	-4.6620283	-5.4686594	-2.973763	-3.609824	-1.7315843	3.07414	6.721079	4.96871	-7.2411237	-15.973194	-15.595325	-6.1096354	3.3511095	5.6072273	13.715519	18.465652
-331.0605	113.28295	-43.237312	95.30833	-36.154877	-26.590462	-6.4202785	0.9006666	-2.2333045	-1.9213624	3.419335	13.084389	-0.8737956	-9.2020645	6.3949046	-8.809858	2.7796726	-10.848236	-1.8884397	-6.767068	-18.260155	3.4905574	-12.198265	-3.6997955	2.8132546	-0.09360337	0.58268476	-3.2021	-11.126919	-4.625862	-9.355682	-1.0939281	-3.2315023	1.1623089	-4.757947	-3.02089	-2.2171116	-3.6450624	-7.1715717	-4.685007	-9.467086	-3.785246	3.6365945	17.974024	18.626984
-349.6317	108.377556	-40.31852	84.79972	-37.73327	-31.72379	-1.4835361	-7.8653326	0.655599	-0.07830924	7.722596	9.575869	3.833943	-2.9621754	10.476955	-8.220519	6.949215	-5.809759	4.0837317	-1.4586402	-14.30009	6.273144	-11.6424055	3.1533833	4.896036	-5.163189	-4.6595216	-9.21759	-4.84042	0.5506289	-4.5479517	-5.8126907	-3.933694	3.6865125	-1.7591504	-5.0841813	-1.0943856	-2.598402	-4.886281	-4.499218	-3.2956638	7.629216	11.522066	17.973372	18.261774
-367.13818	102.50725	-33.567493	87.53108	-33.594883	-26.969124	4.913617	-4.610501	5.063458	1.1731879	0.55730444	8.94224	3.2562828	-0.38573122	-2.4159274	-17.391014	-6.1443157	-11.75956	-4.309588	-9.445559	-13.556517	3.2940736	-14.024044	-1.2456045	-0.025822937	-4.9196963	-0.71887743	0.008284211	-6.573388	3.2535095	-5.663205	0.20590657	-8.122686	-3.6990342	-4.228799	-5.640118	-3.2272904	-11.770423	-10.730884	-6.5095987	-4.0377145	2.643391	6.981134	17.864948	23.842308
-396.19485	121.028	-9.039846	95.17461	-21.730999	-19.247328	3.057831	-13.4424515	0.04286909	-0.662603	8.23267	-3.9044142	2.15423	-4.8694353	10.0649185	-5.807011	7.5817156	-6.427709	4.4348617	-3.02287	-10.484602	-0.83442974	-15.299923	7.665882	4.721261	-5.243081	-2.6924267	-8.357062	-7.7040663	-3.6108966	-2.289361	2.4746706	3.3548055	6.5900803	-1.6738203	-5.964239	-1.5320048	-3.528449	-5.977765	-2.582742	-8.907813	-2.1213436	1.2065496	14.608059	19.40409
-442.81906	116.89841	10.09988	86.31407	-15.149162	-11.975798	4.085944	-8.373222	-0.07795024	4.2678046	9.607556	-6.0513005	15.049511	9.974561	8.07177	-6.980692	9.980418	-1.764425	-6.264598	-16.846455	-16.212128	-2.8110425	-19.552462	4.685548	3.3159769	0.48400635	8.766609	0.07190263	3.6828885	-0.2486905	-4.6782975	-4.1590123	-0.7511632	-0.042856038	-4.1846805	-1.6569872	4.619209	-0.8742397	-7.2960176	-3.1799889	-16.07388	-8.607416	2.1344643	7.073021	20.19585
-466.21576	117.27409	22.649765	72.465256	-25.61293	-2.6092944	5.127595	-4.008878	5.0698776	0.5354341	11.866724	-2.5422616	9.852854	6.812053	-4.9993267	-0.053687513	9.051283	-3.0561786	-3.759431	-14.844431	-11.8101	-1.8146898	-7.2864037	4.4731865	-6.6536617	-6.65333	7.905387	-3.7872329	-2.8095305	-3.573368	2.0071206	0.56540596	2.9199345	-1.6751003	-8.293335	-1.1118572	-1.0287354	-7.119113	-6.573866	-8.39097	-7.959321	-3.2680912	1.8544706	6.7756586	13.36189
-498.02145	110.567856	34.4912	74.82396	-27.249924	6.451748	5.935465	-4.818142	1.5779861	8.015881	9.155924	-0.6637496	3.346926	10.379736	4.7130985	-3.7964737	3.9851375	-7.732008	-7.5688963	-11.317326	-2.0351133	-1.6152744	-11.995238	9.804882	-3.6630175	-6.2337	2.0129056	-6.7783856	-3.9090095	3.351955	5.503845	-2.543414	2.104011	4.2212567	-5.1909547	2.6975403	-2.1345654	-0.08872068	1.5602659	0.9670232	-3.9843833	-6.2803035	-7.797761	-7.5367374	7.2199917
-539.54626	107.083176	46.967255	79.57001	-20.50392	9.759707	13.944127	-6.431139	-0.3656119	15.192976	13.341442	-7.3414054	-1.5113025	0.7268005	-6.6345863	-9.375325	9.142099	-2.928966	-5.00678	-3.7501547	-5.2677813	-6.3869905	-3.95712	12.216745	-3.0267677	-4.6162443	6.674225	-4.056466	-4.286461	-4.138817	-2.5243511	1.1931319	-0.24583995	11.75874	-1.3626165	-0.01956129	-1.4991481	5.9859867	3.5676432	-1.0963333	-4.9875855	-10.821438	-2.6722596	1.2609737	10.733059
-574.023	111.37162	45.063423	77.93151	-6.7624054	5.945423	19.609142	13.474638	0.9974078	17.361172	18.367983	4.1740675	9.792688	-8.325481	-1.8375574	-2.3433094	2.8029382	-11.014074	-0.3988862	3.0486374	-0.033494532	-7.1075397	-17.120632	6.615764	5.7494874	-0.74716705	11.738474	-9.58822	-5.607564	-6.4938345	-0.65523905	2.1038682	-5.7128186	-7.3902817	-18.47847	-3.1903577	-2.760026	3.1846285	-1.5616176	2.4390795	4.4782724	1.1686298	0.26042962	0.8390141	3.0659626
-600.458	106.13729	43.79354	73.47493	-2.0614386	4.718545	25.128819	15.767731	-9.000882	10.74378	3.1516	-8.74909	5.0362225	-6.0542355	5.3713117	-2.1015067	-0.17201841	-8.451454	-4.717657	1.2269466	-3.8309426	-7.6933465	-6.4520073	8.0912695	-4.1831393	-10.068633	-0.2580741	-7.48114	-1.0377403	-8.244294	-6.839279	2.5552158	-0.2488805	-3.7198277	-12.680869	0.16764593	5.1333146	-6.303299	-3.4379911	3.6164544	-0.04764831	2.361843	4.3374176	-2.0822678	-3.822985
-610.1075	110.13156	38.403404	63.060047	12.594275	9.707917	29.688137	15.172845	-7.622791	17.508205	16.899963	-3.9135566	14.113459	4.5428977	6.2264776	7.7223773	4.6801863	0.80266345	-6.9258227	-2.2575338	0.6932039	1.4675535	-2.7742977	2.5143585	-2.128551	-7.565677	-4.8760004	6.1358175	-3.5473917	-7.3731437	-0.68713653	4.140475	5.25838	2.8697724	10.512655	2.6931148	-2.381705	-0.58736736	3.470327	2.577465	-1.5191188	0.3184991	1.6242375	0.44873524	0.23320079
-623.3752	117.62334	38.523987	68.32109	27.493443	6.951268	14.341068	16.886692	-0.80455476	15.892244	23.700558	-1.9705479	5.943998	5.7679396	1.9918402	6.2444477	1.5758277	-1.9862187	-2.987794	12.356197	3.3614612	1.1214992	2.8325727	-2.7387261	2.2612467	-1.747067	-4.275446	1.378051	-1.0639274	-3.393972	-2.8110337	-4.767392	-1.389923	8.78964	2.8457508	4.3669767	3.4751358	0.4084236	-0.9172047	-3.7627585	5.9136114	2.171156	-0.54972816	-1.5667222	8.788809
-633.3877	110.240234	37.668648	55.45952	28.29438	10.318363	12.750893	14.142174	0.29319674	-0.3196764	13.992418	4.6419563	-1.1827222	-0.14134705	-6.791668	-0.67006576	1.1533265	1.9717484	-1.2958938	4.616665	2.4920545	-3.6529691	-1.7143307	-4.2775555	4.625476	3.7985227	2.9800913	5.6931977	4.4326572	2.3268933	1.0647802	1.2349138	0.66435707	9.053096	10.330542	1.2464631	1.1547009	4.935088	5.1730695	10.154088	12.225353	7.7553234	12.449635	10.733547	5.2835793
-653.84344	124.55162	51.384094	46.865543	24.71442	10.227471	17.848671	20.128752	2.8638787	2.006979	8.555111	12.235407	7.016099	1.0062623	-2.1253946	2.2406504	4.4222994	4.889445	4.8822565	-2.4089901	-0.65368044	-1.4626286	0.9211403	-2.20607	-4.718922	2.768078	5.4066734	4.4362435	5.8854933	-2.0942059	-0.68021584	1.9087713	-0.96928656	6.0768785	7.917964	3.3952172	2.8188982	-0.5940169	-3.3347013	1.8355772	7.2715063	4.4658537	3.7647877	3.534361	-2.0756516
-674.958	109.08009	52.802773	44.437523	24.014137	7.4183617	-0.3327651	12.352507	16.195219	14.217535	13.364555	13.271852	10.375713	5.242259	1.3643451	0.7186556	3.2013612	-1.4773397	-4.2026834	1.161406	9.045122	5.559823	4.8724027	1.389289	-1.3804755	2.5731142	5.430706	-4.895913	-6.9553375	1.1482203	-0.9301647	-1.2805432	0.32953572	4.9311466	6.756111	-2.2830882	-1.419991	-2.4158278	2.4028382	11.460205	6.8272743	0.15118217	-6.317193	-6.5186963	-0.17939126