-554.23456	148.97588	50.143257	-15.586987	-40.880264	-7.9505177	-6.330578	24.12614	15.636102	3.2921576	8.742066	-2.8159697	17.698954	12.21562	2.5313635	-5.4189343	-9.006749	-2.1393988	11.412564	-0.9992971	-0.40918785	-4.4257116	-7.8251095	11.073976	4.702718	3.1513188	-4.116879	3.8197985	10.132938	2.3139782	-1.3541478	0.20385358	5.405149	7.830394	-4.2072573	-1.9890063	-2.8184152	6.25662	4.1789427	-0.21801102	-2.1727867	-3.0228345	2.86714	2.3464193	-3.1776905
-491.61417	146.45532	40.618423	-23.781153	-45.818485	1.356737	-13.445576	23.70161	19.037544	-5.3524475	9.385762	-14.502966	2.7356572	3.9583542	9.644783	9.740419	-0.3843032	-0.6720618	3.044195	-4.08235	-2.2029376	2.3362422	1.808666	12.837774	3.4220822	-0.14668515	0.37294477	-2.288578	7.2812986	2.530953	6.148986	-3.9864254	2.4291267	0.6013671	-0.7393429	7.386263	-2.157792	-0.12787962	-4.993534	-2.7617068	6.474963	-0.5133047	-3.7650557	-0.19628835	-2.1432223
-514.13544	123.646774	50.409416	-25.63057	-40.75878	2.7377536	-10.8110485	27.06142	22.952698	-13.023224	-2.8840785	-23.736275	-6.2737417	5.011	22.048203	20.988434	5.3670535	5.563795	0.86234534	-10.554651	1.3715464	4.380964	3.858131	9.729821	1.6619172	-0.08761686	11.157515	3.6922157	0.4029509	-4.108348	10.222521	-4.812758	-1.3808208	0.5448453	-4.465073	5.9225388	2.9644961	-3.3774269	-0.9729566	-3.255494	3.309245	-1.4041805	3.3343132	1.0658524	2.9813378
-561.5919	106.02437	38.13717	-24.809055	-32.912506	10.708467	23.442371	30.17912	15.145897	-1.9799972	11.241309	-1.7095405	11.019041	8.216605	5.254752	6.0964603	-5.3723116	-4.562602	-4.913469	-2.9598799	6.7299423	0.9073061	4.5270953	-6.6853266	6.0383005	2.9652472	6.6568255	6.6029124	5.247011	3.9317317	3.9857788	-2.361844	2.1981897	4.8281927	1.1631925	0.20061493	2.443475	-0.19503582	-2.5347114	-7.2944283	5.5519576	3.3916745	10.838349	-4.8330374	-4.627314
-510.37598	114.867035	-0.5822174	-10.016106	6.6897507	18.568775	6.778285	20.257027	13.417688	1.5513263	8.419594	-4.7274513	18.918587	1.9783841	8.551956	4.883231	-7.988681	2.5973954	-4.3460336	1.4208503	3.3291283	5.7528105	1.8344705	5.0624895	-1.8182945	-1.034419	1.1073186	-2.8582227	1.2433102	-6.5885463	0.48359126	-2.4011722	5.5115795	6.5007915	0.593673	1.2474346	-8.442896	-0.6535419	-2.0315454	3.615261	5.487537	-2.9697914	-1.984607	-6.913346	-8.13718
-462.4664	117.33843	29.762028	-37.976593	-29.296755	42.762096	1.5605627	21.816902	4.2103066	-8.167936	5.8329153	-2.9895046	16.158344	-6.1893063	-1.801857	-5.654941	-9.529324	-1.5094745	5.0216684	-3.7558463	-3.153193	3.2504282	6.2548914	5.7134495	7.672129	7.281131	-6.5612445	-6.567456	16.775333	-0.10841465	9.96187	0.6600996	8.952972	-1.5949212	5.539585	4.259632	-1.3488631	3.363019	-6.5927496	3.6089442	7.1533103	6.8845906	3.5253208	-6.5005083	-2.4690104
-436.52768	106.13646	27.232647	-36.871685	-22.2075	42.160522	10.72602	25.77737	3.3008728	-5.962938	12.41695	6.647131	15.87897	-10.426787	-11.963477	-14.721186	-0.5757525	11.691173	2.4417078	-7.5881753	4.7382708	4.0449514	-8.15034	1.0723543	3.3964758	5.146264	-3.4146018	-1.0275576	9.46542	1.3947107	8.422651	-4.9316435	3.740544	-4.134865	6.2464714	3.212987	-4.8425674	3.4488492	-0.067306936	5.169177	1.8655066	0.8730943	2.741634	-7.1813936	-6.090457
-428.355	82.64447	36.356255	-25.694994	-11.754283	50.55672	14.837259	12.496141	-2.0822058	-10.160523	18.28807	13.850143	7.069055	-8.416552	-4.3640885	-8.0953	2.91236	3.5051541	-5.347638	-16.1608	-0.4551194	9.497435	-10.092787	-1.2368054	-2.6445954	1.4429033	-6.982405	-3.698071	10.171579	3.9565248	-2.257409	-8.428545	7.653799	-2.4538693	6.1214294	3.9599428	-8.254614	0.5709652	-12.390057	-0.96266913	2.1125696	-4.897358	1.2108463	-5.2510204	0.80845094
-393.4388	88.55626	21.58517	-20.57492	-4.8281384	59.175163	22.008041	9.014084	0.3027197	-0.013833014	12.140663	6.458255	14.145515	-5.1688404	-3.2883458	-0.81367844	-0.83615077	-3.1739945	1.6193275	-10.713912	2.684874	11.674259	-3.637099	4.510609	-1.1287196	0.44779825	-5.7740335	3.1342168	10.231262	4.04655	6.1435165	-4.569599	2.625812	-10.523386	0.97664094	3.029272	-3.0629134	4.84344	-7.4180994	6.295946	4.471163	-3.0736413	-0.40906942	-6.431095	4.310339
-396.7184	106.69389	16.774977	-11.092894	-0.41114134	56.337887	16.795488	8.480923	-10.251586	-2.7391102	3.0185442	0.17397642	15.271991	-5.406598	-0.91965747	3.814142	-1.0511078	3.2950397	8.114713	-14.723751	7.5278697	11.722197	1.000886	4.2153835	-2.4825292	5.285216	4.77038	3.8772683	-0.812513	-3.719728	6.875583	-15.070425	5.094081	-3.3820438	2.163644	6.6299553	2.9844084	-0.57809025	-9.406748	-4.2413	0.4667136	1.8332798	-2.978504	-3.1268601	4.684276
-423.3123	110.204704	26.817875	4.6960754	5.221078	51.812897	18.041218	9.722152	-8.192726	3.759901	3.3841612	1.0068321	3.174859	-12.810767	-12.046039	-0.11788458	1.5700278	5.894283	7.190556	-6.9281588	9.277539	4.8603773	-0.47187328	-3.7941196	0.77578557	-2.8107553	-1.0600506	-3.0633802	-8.3416195	-5.5870905	6.546269	-12.19684	-0.4722299	0.20102477	0.74834967	10.494999	0.064278126	2.3549378	9.951467	4.0276	-4.6095924	-0.6554986	1.337494	2.9340482	-0.258317
-323.9086	162.73521	8.5350685	-11.832609	-30.592201	-0.9106075	28.063301	-16.55096	-3.3189225	-3.5996835	1.9881657	7.9987345	12.180503	-6.846956	-13.469046	-4.492692	-7.825546	2.312755	-9.816435	-2.43821	1.0146539	-2.5365338	7.79414	-11.482763	-0.9296801	-0.5718151	-6.294541	8.954166	-7.53955	-6.2181625	7.3877735	-5.684478	-4.6036816	2.650301	2.3947775	16.368923	18.809082	7.6238794	-0.090120554	-0.7135829	-1.5643742	9.300976	2.9697766	1.2316676	-2.5232334
-254.54762	161.21326	-12.969875	-10.274089	-43.090714	-12.787927	36.622147	-25.135098	2.5258393	1.5955528	5.065611	14.008884	9.030733	-7.3153925	-12.877584	2.9884653	-0.9394431	7.6107206	-6.470829	-3.666858	-3.3495498	-9.113911	9.735406	-15.22999	-2.6346145	-2.5004287	-10.826583	6.8922515	-8.65131	-2.75262	-2.48305	-2.3543649	-2.2019444	-1.7672096	-1.4751363	0.50457716	2.5021214	5.398746	3.9698505	12.394529	12.201441	15.321337	4.1522074	0.99284494	-6.148641
-206.00691	149.10889	-35.203033	-0.11411071	-40.964825	-6.027007	31.909073	-23.052927	2.8134828	12.056089	1.1677843	21.788868	0.76686776	-9.97943	-14.349477	1.5617914	0.3876722	11.633765	-6.2608485	1.106252	-7.212456	-9.0194645	14.745875	-11.869281	5.2390747	-1.4658654	-12.518956	3.4718223	-8.767714	0.6003612	4.2309613	0.57848966	0.4134907	-7.5413094	-4.1461854	-7.8099427	-4.391903	-1.2821606	-8.765585	1.8295287	6.852077	13.848075	13.887678	9.185226	-3.8426359
-205.4421	134.93454	-27.369041	-0.5942958	-61.13158	-8.073294	32.31935	-20.175943	-3.7531822	17.8951	-5.46828	21.582558	-4.1237564	-19.982738	-15.773886	-2.394395	-2.170734	9.074215	-7.395657	-1.1814456	-11.265427	-8.882106	12.573576	-17.723162	3.6655219	-4.824566	-10.0113125	4.0595703	-6.4116607	3.594541	4.296424	-2.1083117	-1.2702935	-9.636291	0.9870007	-3.137466	-3.9359813	-2.2515786	-13.322268	-4.861084	0.8563642	10.895233	19.562283	14.839993	1.9257057
-194.5941	127.14984	-30.52026	-1.4488353	-65.52947	-5.189287	27.464293	-14.979756	-7.8687673	11.680578	-13.110704	24.82788	7.381713	-11.821155	-12.9843235	0.047741055	-1.3721123	9.059946	-4.5451984	0.66539645	-14.011023	-7.888689	11.34071	-12.415672	6.737376	-2.1903565	-10.529352	-0.4915563	-8.921455	-7.942462	-3.0157685	-4.668941	-3.5554829	-7.148351	-1.8013604	-5.6328306	-4.6289663	-4.319401	-11.575792	-6.319071	-2.950475	8.636838	18.63574	22.839722	6.3425913
-189.06651	130.17932	-19.276455	-0.5071187	-65.40813	-5.94116	37.61652	-10.667392	-4.0831046	10.94789	-9.536427	22.854826	6.974696	-11.401853	-7.2926865	-3.9322987	-5.877617	1.8451326	-7.855589	0.3680346	-14.610774	-9.329916	8.390841	-8.5119705	12.956183	1.5414605	-4.4038906	5.986247	-6.6503215	-9.766373	-4.0781045	-4.0891633	-0.14216018	-4.9295783	-0.15451664	-2.6549358	-0.5798521	1.030083	-5.7619357	-2.19169	-3.096249	7.16202	16.94345	20.137877	5.027229
-184.08319	137.66422	-21.158983	0.5588436	-53.530685	-5.1076975	28.447552	-24.589027	1.0170996	14.407095	-8.338296	24.397858	13.009329	-11.524843	-10.748899	-6.4271307	-0.20244467	8.206161	-2.0127254	4.0964966	-6.204358	-11.955922	1.9178492	-10.879976	15.678469	-1.6381235	-4.1003876	1.4995074	-13.905369	-2.2405574	-4.325808	0.9543377	-4.036502	-4.2106404	-0.3019905	-2.7223964	1.7333066	-0.6677989	-9.321754	-3.6020656	2.0144806	7.7382364	12.357679	15.021382	4.884963
-188.84572	117.693436	-14.52381	4.566995	-58.085365	-6.6256895	22.21951	-19.220444	-7.9051056	-0.9478632	-1.8181565	19.0193	12.175941	0.9403532	-8.080459	-15.404026	-10.595232	-0.8142852	5.5925446	7.4523706	-2.7291489	-10.400866	-6.9892125	-8.859543	9.979687	5.8696756	-3.3419843	-2.4843318	-5.126954	-5.5849867	-7.4329944	-5.335494	-1.5228252	6.011183	-0.29339296	-5.7925224	2.2075205	-1.2033298	-14.867237	-5.820353	1.7812259	14.6502	19.720476	16.674698	9.218725
-213.35777	131.35164	-7.287654	-6.289359	-78.495766	-22.752724	28.664528	-11.804812	7.9425607	4.4473763	-19.051115	11.386995	8.129378	-7.828795	-8.200869	-14.135193	-15.004016	-10.543716	-9.639903	-1.348523	-13.203293	-11.260459	-2.551038	-10.467746	14.560027	7.730152	1.1588022	-2.9442391	-13.679016	-1.8293178	9.065382	4.094495	-9.407342	-8.6999855	2.492272	-0.9133512	-4.0489597	-8.48137	-12.876274	0.9280498	2.53149	5.9256086	15.924641	17.12954	12.400047
-203.09952	143.4226	-13.784702	-7.193377	-52.737953	-11.4704685	23.49102	-25.13137	14.646688	3.8460362	-8.849104	18.281738	14.306951	4.7845526	6.274066	6.5601554	-3.4929729	4.7327366	3.3323016	1.3635023	-5.483857	1.5075183	1.4272764	-0.58156586	7.3509297	-0.51502275	-11.019818	-5.7041025	-13.099453	-10.372468	-5.2604733	-5.7028623	-8.65012	-4.992502	1.2872729	-3.512474	0.54264945	-6.098068	-13.261074	-1.8612151	2.7638264	9.857225	18.057549	11.542395	10.499876
-231.15384	140.83249	5.9115677	7.345813	-66.87266	-23.290876	16.268593	-15.725706	8.278692	5.011444	-2.2168908	5.883685	11.237088	7.887565	3.588885	1.562424	-5.3984175	0.093976915	-2.566173	0.13221633	-6.5482225	0.5203063	0.78526896	-4.1900473	-0.98121154	-4.409135	-10.841058	-5.269224	-5.1862707	-4.020811	-0.01462698	-3.114491	-9.893793	-2.6206481	0.9509004	-0.549615	3.9161844	-4.4814744	-11.572418	-0.36061382	-0.57661116	7.8815517	21.11272	14.334377	15.320477
-263.10098	162.3921	-6.233655	2.4504282	-58.359287	-35.063633	20.545332	-28.388	17.672539	6.157586	-11.336619	8.81933	3.1933694	7.6056385	5.673766	0.652942	-12.276371	-1.9855971	-9.20648	1.2297468	-4.819759	1.4699087	-2.6273503	-6.763609	-3.3237028	1.418491	-7.2197886	4.682967	-9.367654	-7.4709044	-3.3541574	-9.0178795	-1.3967035	-3.0973976	-0.29695284	-2.533702	-5.485661	-2.3350036	-8.109808	1.132067	4.4341745	10.272392	19.328297	16.743622	14.600217
-333.50653	173.25784	44.31421	19.478004	-54.274994	-38.895737	7.040908	-39.262558	26.340874	7.168772	-19.57396	11.4268	1.8332229	-1.7973742	9.211267	12.506332	-0.32921726	5.4825764	-8.38587	-4.804746	-9.5191765	-2.0856488	-6.3535004	-3.6451888	1.0154915	1.7951484	-8.843927	-1.3889976	-16.464413	-7.6544223	0.50898004	-12.446674	-4.2422194	2.0408053	-1.9886582	-3.7252936	-0.11661887	-14.976545	-9.07251	-2.51286	4.318098	16.385921	20.961288	13.718508	0.99954367
-353.1718	176.54056	38.484035	24.043629	-39.911934	-21.944952	-1.0522468	-34.286026	10.316656	0.77895105	-10.124493	15.250469	7.08817	2.1683266	5.132727	2.807005	2.17443	12.42408	-2.373713	9.731555	-2.5819514	-6.31235	-16.592077	-10.290924	-2.1993284	3.8662746	-1.895045	2.1554909	-12.718153	-8.267351	-3.6913025	-12.485067	-2.534331	2.4315646	5.3578267	-0.26041782	-2.4696107	-12.4101	-2.926381	-4.088931	5.767459	18.994122	18.935188	13.876459	7.8775463
-412.6238	168.78758	48.33883	48.3489	-32.84101	-16.28106	9.907448	-25.171238	3.7851574	-8.160287	0.73095745	8.413084	1.7723652	3.0666766	-6.2804046	4.414283	-6.7053976	5.467839	-5.6288996	-8.253674	-5.1442366	0.88125575	-7.7815466	1.2706614	-1.7550627	9.435594	0.26517868	3.2946162	-1.6509633	-0.24910057	1.5955596	0.9171971	1.7799506	-3.016359	-1.2213756	-7.9879866	-4.9534626	-16.627115	-6.844799	1.4397595	8.18864	23.947254	21.982445	20.833862	6.6649942
-395.60995	168.77087	28.367508	37.122257	-26.001629	-7.40339	1.1848668	-20.883137	-6.0137835	-8.580728	-9.311125	-7.025013	1.9519352	6.9717383	1.5103767	19.51185	8.700784	10.024586	4.3715773	-16.05334	-12.865221	-4.865206	-12.196514	1.1903	-9.289116	-7.160287	6.1043043	-5.5201907	1.1895754	-4.3376393	-2.5794303	-2.5679793	-10.412018	-3.5259888	3.2071548	-4.980176	-2.872758	-0.82674456	4.4458857	1.8182083	6.4707627	11.673215	4.5525694	4.640503	0.037602663
-420.2796	157.18726	24.588486	46.951767	-32.00116	-3.8862886	4.100049	-12.61712	1.1717087	-4.1781178	-3.814335	-12.403118	11.633258	7.9550714	-3.4732056	21.433346	0.09432715	3.3338616	0.7583339	-15.992283	-4.025074	-0.17534447	-3.5306416	7.570944	-10.246803	-11.708136	3.1515021	-6.408437	4.92816	0.9039165	-4.5805306	2.5414681	1.8491889	0.78112984	-0.8427668	-2.560916	3.8734343	-4.3044157	-4.4750013	2.7220511	15.686943	12.558607	9.22023	11.277128	4.2611313
-443.76068	154.66995	29.360828	61.654564	-39.754364	-1.8952882	15.361918	-8.176514	11.018989	-11.962408	-6.722272	-4.874892	7.246542	7.564776	-10.385628	10.632999	-6.533965	0.9253582	-6.9899464	-11.248873	-0.697279	-1.6517448	-5.9806495	-1.7003844	-4.6012263	-2.4606798	15.933876	-7.7712193	0.8979709	-7.9710436	-3.152659	-1.8812263	-6.370925	-3.6310873	-3.2620718	-0.9340005	-7.2679048	-9.515408	-2.9132383	3.9075499	13.426469	15.423065	7.0452766	6.7761354	-4.09993
-453.42157	139.753	24.172874	55.081284	-27.507597	0.18477327	12.324818	0.5606879	6.395341	-7.810279	-3.748446	-11.157658	6.946948	8.5633	-10.415059	6.699914	-17.467413	-8.05417	-2.1296198	-17.934006	3.3669357	-3.7027671	-6.251973	5.4799542	-4.303628	1.0252374	16.132423	-0.9407767	2.0200942	-5.813077	-3.8350077	1.4534945	3.334724	-6.0457306	-3.981708	-2.3739247	-10.558163	-8.614335	-5.8404074	4.6285644	18.807106	24.55869	15.141695	10.022366	-0.60382044
-457.70352	153.22525	27.316105	50.64476	-39.46691	1.8408718	11.563513	-8.3578205	12.001411	-4.1780257	-0.8068001	-12.1202545	6.2931986	12.068682	-5.525408	9.828388	-15.229214	3.1350446	0.89363396	-18.83073	3.168314	-7.283618	-8.774132	0.24871564	-10.7653265	0.5513097	11.060125	-0.9782628	3.9501338	-2.4966717	-6.0447	-2.5171018	1.095465	-4.985367	-4.763072	-2.8956308	-4.1194963	-2.2545707	-4.589388	0.69037485	11.338648	12.40163	9.026817	7.904806	1.3806951
-466.60916	143.74776	27.355125	52.03691	-38.09697	2.0599675	9.683312	-6.337404	13.14198	-11.086547	-4.896799	-11.431108	9.381495	12.950474	-5.3595943	11.223975	-8.6045475	8.071503	0.65239036	-19.121666	5.676056	-6.5429735	-5.1629887	1.4813092	-17.371885	-4.385541	5.639489	-4.379143	-2.7231789	-8.489601	-12.200666	-6.103158	-2.86791	-3.5600247	-0.9807294	2.2051282	-3.0849051	-7.185011	-8.170336	0.24549317	11.096725	16.095922	15.202391	9.184134	4.612267
-455.49194	149.44125	17.475046	44.73792	-34.67531	19.341164	16.952042	-12.617083	3.210699	-7.1282415	-2.6618056	-6.3146505	-3.127441	16.63361	0.6181221	10.229803	-11.3535595	-0.5282834	2.1693213	-19.420675	4.2252145	-6.2267804	-4.251526	4.2871027	-11.499791	3.0730932	7.386009	-3.0558748	4.711533	0.5146916	-0.92254597	-4.2341356	0.27454323	0.9792611	-1.2645515	-3.3084002	-6.716661	-8.344778	-6.004944	5.7987123	19.243494	16.055191	10.362809	10.492044	3.664181
-452.9318	136.51979	17.552353	48.01552	-24.583317	13.10266	12.440414	-9.657034	-2.4245038	-13.875495	-6.371578	-7.309204	9.344549	19.69535	-5.699457	13.459671	-9.498283	7.6590743	2.4212542	-14.842854	5.5569434	-5.578876	-8.786299	0.1512368	-11.794705	0.39836907	8.51729	-10.254736	0.51256645	-6.0657215	-9.790669	-4.5296464	-4.6105213	-1.5091916	-0.3889686	1.3694384	-3.421683	-11.258934	-16.033007	-2.9379096	10.337658	19.139442	15.417298	13.750876	0.77654326
-474.95468	145.86159	25.582176	55.787926	-40.141685	2.9273746	13.197169	-9.876026	15.539808	-6.42128	-5.216979	-11.482201	4.909476	27.22882	-4.7202744	12.155062	-11.152594	8.009483	5.0480366	-18.739914	4.284758	-7.3507233	-5.721416	-1.8151855	-11.965617	-1.1921673	10.766932	-9.01654	-2.084168	-11.49333	-7.3581734	-3.0951223	-3.2071068	-8.769722	-5.239998	0.2006312	5.6386647	3.0039036	-7.5406137	-7.2548513	5.9422617	13.458634	17.080666	23.590569	6.270271
-492.23273	151.93143	29.4749	56.422443	-32.12216	6.74438	5.36095	-10.961563	6.746998	-7.8597317	-6.3397455	-21.057137	-2.9987144	10.963953	-3.1416235	5.924469	-14.969506	1.0124898	-1.2887273	-23.807915	-3.3302538	-13.126802	-8.737457	-0.14766113	-11.309866	-0.52317774	9.147196	-10.521569	-2.7259066	-4.42477	-7.2550554	0.5085387	-3.423983	-8.159546	-7.0406404	-7.4288664	2.5719025	1.5459845	-11.60677	-13.997122	-1.6836796	6.457624	10.837585	18.431614	7.682138
-505.11273	160.9909	41.109802	41.3926	-24.116297	9.583836	5.018857	-6.5822067	0.55321956	1.3718511	-2.2209613	-13.2469225	5.561597	14.0793	-0.105617225	5.68727	-9.038467	8.177168	2.445617	-11.012041	-2.9546235	-6.2608557	-4.7517457	-3.9321284	-15.913401	1.0166385	9.654688	-7.268456	-3.129413	-0.46073294	-2.0626159	-4.1610174	-0.5767578	-3.3463328	-6.0314693	-4.786809	7.6255884	6.598724	-9.972634	-3.1752484	3.6978283	4.6886253	9.454752	20.682034	10.7020645
-541.683	153.97842	44.583744	36.556953	-11.241184	6.5784283	10.766254	-1.5417275	-0.8237426	-7.350851	-5.1519923	-7.355956	7.6623526	14.825046	-1.1830192	12.9427185	-0.9237565	14.094457	-2.984604	-18.922195	-3.0311484	-12.255857	-2.3869414	-0.2353009	-9.284105	1.5286567	0.7192875	-0.8011104	-6.1398087	-9.169794	-3.8348193	3.204021	-0.6940777	-11.834553	-10.864203	0.80209064	2.6909337	-0.47647977	-11.057109	-5.146848	1.1669722	-0.73663735	8.917045	18.829037	15.273749
-566.87836	155.32127	64.52169	42.54477	-8.85477	12.916439	9.026575	12.6692705	9.523239	-6.122121	-3.4680905	-6.216223	7.6387644	17.577103	1.259419	-5.4920564	-9.394691	7.220598	-3.6314034	-12.299355	0.36324763	-17.04462	-3.3362384	-1.3867393	-8.505894	-2.6732914	-4.442761	2.3711712	2.6215026	-2.702835	8.181204	7.937844	1.311427	-3.844328	2.2849965	1.0141673	3.7866542	3.2650237	-5.8361053	-4.281812	-6.026696	-7.112505	-1.3998542	8.8035755	5.180271
-584.5823	140.8959	49.28968	33.780884	-9.393287	9.932785	14.700733	16.683079	9.475228	-13.91905	-6.340483	0.48188698	17.54749	23.973816	-0.72340506	-3.0121732	-1.5805879	4.2452083	-11.467258	-15.442976	-3.5416832	-14.99438	0.84558487	-0.09132671	-5.368759	-1.9313978	0.6136696	2.634261	-0.29891557	-1.7386103	1.8183298	2.7539232	-2.7352326	-4.135598	-0.62079644	-0.749055	0.8748262	3.6615417	-0.6605128	-3.4086177	-11.764929	-2.5525494	8.526314	17.680752	16.61781
-594.075	144.97308	60.399574	42.230255	7.6730223	13.831889	11.807329	14.041494	9.5097275	2.818	-4.342338	-6.7049356	-0.045125067	17.239195	-0.010362744	-5.6476736	-5.5118675	1.677803	-6.319077	-7.8327217	4.9486237	-5.1815853	-0.78207004	-5.9090986	-5.6718383	-2.9351873	-6.0220065	-9.237204	-2.1631699	5.8852406	4.375006	-2.1173525	-3.1314955	-7.14904	-10.301424	-5.998166	5.833395	7.0446286	-0.2826289	-11.111631	-14.599961	2.026953	11.621459	3.6340547	7.158558
-630.7041	123.26854	61.180115	40.248077	12.318916	26.88107	20.928131	19.3974	7.2694893	4.6149797	-12.040724	-14.630436	-0.15007529	12.903519	1.4688283	4.2560434	-0.30729547	0.25879803	-1.7818727	-2.2146792	-4.305888	-16.877012	-10.169047	-0.13246489	3.5422082	-4.4820185	-6.3649397	-7.732148	-1.9441053	1.4684175	0.19776309	-5.3782997	-8.143464	-1.4526186	4.170966	0.36319226	-7.2642345	-10.265907	-4.373255	-2.611783	-2.7513528	0.404511	4.2127805	4.226259	12.865638
-638.48535	111.02763	53.730766	40.520042	16.304096	26.510834	15.4832	15.578508	3.7954078	-0.20959556	-2.2170548	-13.557798	-1.6403855	11.243487	2.4622345	3.3832	4.0695286	1.5216725	-6.9871573	-5.291456	-0.03921801	-3.1442175	-1.3388718	1.3205568	-4.626108	-7.2771487	-6.335579	-13.390731	-5.81606	-6.098899	-3.999969	-1.3411547	-2.76583	-0.3517537	-0.60418105	2.50247	-4.7036896	-1.8225121	2.3137395	2.3726192	-0.9544155	-3.515711	-0.7922554	2.1242633	8.907092
-644.4128	98.80737	58.8217	44.684868	17.953999	27.27419	22.558811	23.842426	8.192221	9.745749	11.805012	-4.802003	-4.9209175	9.331123	-3.9100924	-10.089792	-6.898774	-0.55286276	-3.782926	-5.079728	-4.358149	-0.3837688	0.87207747	1.9326081	-4.5755777	-0.6780704	-1.1786819	-5.699937	4.022306	3.0497742	-6.738261	-0.8016794	2.2848856	-0.114831	1.3054054	8.987678	-1.3865755	-5.569996	-3.4839134	1.0070854	-2.3690238	-8.897013	-0.914278	-0.8480066	4.802916
-652.5108	87.63813	43.79767	42.543327	23.915367	32.738327	26.125198	31.285988	11.661633	10.730777	5.9389133	-1.4459504	9.59063	16.000072	0.81906295	0.9303001	-7.4098597	-9.542879	-9.866909	-7.6919546	-12.61132	-3.6933093	1.8178899	-0.7210932	-4.1760793	3.2256231	2.363769	3.5287626	7.463626	2.7338824	3.2838597	-0.07302129	-3.924398	-5.1986465	-10.024696	-6.5050297	-5.1499004	0.2607891	2.4482727	1.8658056	5.834877	4.31104	1.4965138	-5.313592	-0.9915611