-644.1467	109.44595	43.31352	31.306545	0.71743	10.768564	15.474644	5.0701294	2.8027978	3.0955791	-8.64023	-17.147549	2.0075107	1.7147357	-3.2831361	-0.16205744	5.481723	13.910519	20.629513	5.884099	1.248718	4.0900426	12.953587	18.70531	3.0382767	8.27861	5.5988216	5.0185766	0.34962183	9.125898	1.9160724	-5.7777467	1.3949193	0.16690904	-1.820447	2.5298357	-3.301973	-4.1074657	-6.3059616	-0.49893105	3.516762	0.6221614	4.2398405	-4.9559193	-9.736469
-646.1969	109.26288	42.85885	28.1203	9.935709	18.660362	17.62822	2.7680385	2.6200078	5.610034	-3.2289124	-11.073701	-2.9041705	-6.384405	-1.6209259	-2.0321832	4.4638386	10.36055	13.973635	1.082466	2.4077735	0.79194415	5.66479	11.892954	8.073754	5.9983654	-1.8883357	0.20096302	-1.4223678	-0.60135746	5.23316	1.3478086	4.937938	2.4001532	-0.1796453	2.523416	-1.8681772	-2.7001367	0.33003497	4.4686685	7.00407	2.975832	1.9918816	-2.6876233	-2.9755592
-642.81244	117.579254	39.98678	27.3329	8.458655	21.429592	19.604456	9.400321	7.6739054	-9.368014	-17.841276	-14.171858	-3.8407106	-5.6977353	-2.8261867	0.30452383	3.134521	16.070255	17.953577	-5.195674	-7.366725	-4.4994783	-1.2378504	7.656138	14.769005	7.949589	3.4273756	2.4778996	-2.6490705	-4.8845773	2.2291856	1.1595213	10.681823	3.0236592	4.9800444	6.838707	0.13836336	-2.975286	-4.230545	-3.8360522	-1.8867842	-2.1487188	-3.1946254	-2.9922762	7.2778034
-630.73505	127.444534	45.851654	18.45095	2.9770575	17.853409	15.051897	6.7928047	6.6979837	-1.8173577	-10.438805	-7.8608007	3.121071	-7.116063	-3.8091397	3.6530254	-6.185264	3.0291252	9.705	2.3674533	0.8697421	-4.594723	-4.1155753	5.3502655	8.332159	11.783413	1.2103109	3.2177737	-2.3457081	-1.7794864	2.7897959	-1.9317335	5.453783	6.058114	3.6956053	3.6279135	4.4062004	-2.2981136	-6.031972	5.1659217	-0.66534543	-0.28156877	-1.2881719	0.43100864	5.62731
-615.7613	123.11902	36.794006	21.623083	-2.4286175	24.254715	27.14298	14.854221	8.903677	-3.2685494	-17.852808	-18.728802	-7.0731006	-9.233072	-7.5975547	8.87454	0.84577024	7.5706477	13.517371	1.6811931	0.29304326	0.6919601	-2.6514323	5.4459877	3.1186469	2.3336945	3.0124311	3.1004224	-2.329995	-0.8166629	2.7145665	7.0902824	9.596653	0.6891073	1.3735584	-0.18730026	5.3960166	10.590142	0.05540073	2.94281	6.212389	3.8704333	-4.150377	1.553065	7.124957
-596.32526	133.77115	39.65859	24.471203	-13.060848	13.770908	14.671642	5.4113526	3.1816525	0.64953303	-8.250881	-16.46893	5.251941	11.070549	2.585071	6.315709	-2.077131	0.0974009	3.1104994	-3.3311455	6.997795	9.881275	-4.274289	1.9295294	-3.5857077	-9.123816	-3.3648167	0.4362979	-7.658166	0.33316195	5.4570255	10.34429	6.7708874	-6.751705	-3.217145	8.992619	10.61064	12.287185	6.3864713	1.0430954	4.38066	3.839315	1.7994452	4.308022	7.3163548
-598.86554	125.95349	28.290049	28.765163	-5.0841465	27.14907	37.1797	21.025518	13.074206	-2.9849472	-23.71239	-30.843529	-12.941036	-1.3319886	-8.975315	2.7962098	6.170973	15.444545	18.927927	-2.6205497	0.59742045	0.2898445	-7.722043	-4.434379	2.1369915	-2.9604204	2.063031	0.13313913	-0.65018713	3.8937418	3.112431	0.76710325	-5.901428	-7.1499233	0.13523072	18.059996	19.737118	17.608242	7.3701267	1.8857496	1.4697113	-3.688222	-1.1446841	6.183383	2.4220648
-574.07794	139.51903	14.174685	25.264286	4.045474	18.1433	29.337854	7.1388645	-2.7469034	1.1253175	1.5329808	-5.2261014	4.7762537	-1.6264508	-9.171567	8.986229	2.5830567	2.58079	15.619763	0.30313075	-8.2120695	-8.35993	-10.227034	-9.556544	-10.55269	-9.377446	-0.86839736	-5.8710938	-4.9995985	9.903678	7.912296	1.3992817	-2.7854059	-0.4937874	1.5920596	18.16137	17.307446	19.597164	12.473141	0.2872277	0.5964037	-1.6068816	-2.6924741	0.81047225	4.5149126
-565.4273	144.57266	25.743713	28.592804	-3.064383	7.64102	30.832926	14.280836	8.44779	-1.8553753	-16.487093	-17.4855	0.45825136	-2.05624	-20.284224	-10.318814	-7.044876	8.563603	13.497694	-1.5516989	1.75823	-0.52750474	-6.324837	2.8227878	-0.27586186	-6.7039013	-5.009968	-4.960944	-5.8226814	7.736118	2.5457633	4.1849203	-0.5137123	-3.4164698	-2.6684155	8.815594	12.240898	14.740842	19.618538	8.182115	1.1475967	-7.206281	-1.2725259	13.358486	9.350628
-534.6502	164.90387	16.952862	23.419422	-12.499102	-0.04129836	26.879353	2.8312874	4.4810753	6.249474	1.9448674	-13.675301	2.0850697	1.1717386	-4.007806	5.221879	-4.1619883	6.307787	9.884972	-6.253647	-0.6511419	1.5275319	-10.753705	0.4732164	0.91047424	-5.2773967	-8.879895	-8.804893	-18.408497	-3.891247	-3.1880183	8.271987	7.019771	-4.962131	-3.5642664	4.788455	11.475468	10.1924	9.2193775	9.567316	3.9514036	1.9505193	0.8451571	8.662936	7.7511787
-535.4549	159.4375	19.73621	27.382145	-20.031818	-0.98462856	35.01706	14.55818	14.877037	4.8552055	-16.834139	-33.49685	-0.3390892	7.461608	-11.327947	0.27158713	-7.048835	6.83854	11.071547	-11.817591	-2.6831837	4.583791	-3.1082556	2.0452352	-4.769697	-6.479579	-4.258664	-1.378596	-7.952569	-0.8137533	-7.0375557	3.2209969	4.5189457	-9.2590885	-0.7287498	3.8041153	5.167881	-0.0119280815	10.180719	18.931156	10.471113	8.788244	2.679227	0.53396106	-3.085959
-532.4462	162.19395	16.903131	24.539278	-20.587463	-1.2932097	28.953268	13.66658	7.2584276	1.4248997	-12.110212	-29.956062	3.8758903	7.85809	-9.738603	11.2756195	-1.0649853	0.98663	10.8724	-15.239132	-9.582537	1.7236359	-6.394083	7.6543655	-5.717184	-7.4391823	-4.213296	-8.209634	-19.396057	-10.913111	-9.805896	-6.2392197	4.19781	-2.4416227	4.7941766	1.7614042	-5.9355445	-5.550475	5.489364	13.687687	7.754198	11.780183	5.0008526	2.860298	4.6611023
-513.4987	151.06183	8.986195	28.965117	-20.59459	4.0123587	35.747795	19.7998	12.444435	2.4203527	-14.682889	-22.006334	1.5496681	-1.7446499	-15.721865	0.17843866	4.601918	7.5949683	1.2210382	-20.066254	-5.924305	2.5281131	-9.27458	-2.827202	-5.3894873	0.838548	-2.5245035	-4.717763	-9.75215	-6.1565304	-11.233432	-7.959139	-3.832259	-6.7462754	1.3343766	3.6533127	-3.2396824	-8.363714	-0.65214944	10.674519	9.69608	14.407639	10.592134	5.6758976	10.443277
-525.6781	156.97664	11.845951	29.885128	-21.15383	-2.6681733	30.16605	15.956045	13.345576	10.450716	-6.0830574	-34.8593	-4.612149	6.775878	-8.538901	12.540099	-2.150471	-0.18970847	10.567978	-13.681034	-5.63204	6.4326215	-8.776587	0.62912905	-2.9892187	-3.3713694	4.9193325	-1.0249012	-10.573654	-6.4913588	-3.1779673	-1.3652956	-7.1416473	-7.4839916	-8.156237	2.7530367	-2.146319	-2.6734467	1.6169469	2.3847861	-0.30441856	15.288762	21.633389	15.013767	13.678267
-515.4665	165.92854	15.141933	34.329735	-10.157208	7.7662883	36.971565	23.610973	19.336683	8.079921	-14.400038	-34.058224	-3.222978	-3.4825974	-18.67619	11.128892	0.84221256	6.505584	18.653492	-10.056153	-4.8032694	3.4145975	-9.52094	-5.8407726	-10.105711	-12.085334	3.627294	-0.31230378	-0.6371763	3.5042639	-0.042397797	-1.8848344	-4.305871	-0.42941284	-3.4487967	1.2513888	-3.1730547	-8.587427	-3.1089	-2.9292653	1.0904458	3.9676018	8.080733	5.399707	10.499555
-503.9991	159.52148	17.810646	36.003105	-20.055626	8.25041	29.683949	9.447063	17.694725	5.345637	-4.9438286	-23.193565	-6.312986	-0.36592764	-12.041306	7.2413273	-4.8536625	-0.18971032	10.020322	-10.841278	-7.6559124	2.3670633	-8.219484	-2.5345707	-4.131057	-8.092781	5.486495	2.4770925	-4.9951487	-2.2136226	-3.788084	1.1667187	-10.388246	-11.865067	-5.213391	-0.4015593	2.0249548	-3.606358	0.065601826	0.48948425	-6.8063374	-1.6141369	7.2119675	14.9418335	16.130291
-502.87332	159.94092	23.847557	44.15891	-14.271612	5.5609207	30.50663	20.255001	21.280556	1.2438165	-15.201328	-31.855173	-4.045982	3.0856676	-15.284107	10.560356	0.8130332	-1.0251081	11.303553	-10.445757	-8.025503	3.0681963	-10.71695	-5.174884	-2.7643251	-5.7812285	5.9922595	0.2815957	-3.4764569	2.4945183	-1.6778646	-4.2841215	-5.008763	-5.594472	-1.4301742	-3.167754	0.6275699	-3.6187613	2.6375575	-1.1048484	-9.796585	-1.8860637	3.5542467	14.271655	16.698023
-490.9368	168.44803	10.992139	27.785511	-21.106186	9.73687	35.373466	17.250248	15.008551	7.911236	0.23941529	-30.669046	-4.435912	4.254783	-13.219782	14.024711	-4.4988647	1.0967529	17.453087	-8.890423	-5.727911	2.4451904	-5.5217943	-4.503203	-3.113297	-9.158932	2.7211938	-6.8670435	-7.7326355	5.3390856	-4.5200043	-2.9025683	0.26153287	-5.269822	-7.7696123	-13.878222	-6.5069585	-2.0148335	-1.1997302	3.5950003	-5.750509	4.2434807	1.5083983	4.388011	8.310844
-472.55414	171.3229	22.015709	42.21249	-28.626465	-6.52182	20.423618	7.777501	6.438093	4.7757015	-5.4692507	-25.475502	7.3021355	13.612354	-9.335811	8.4712515	-3.6510818	-3.7079525	9.280237	-10.364458	-12.249489	0.7827077	-0.19095302	3.667208	2.5927696	-6.5293446	6.4318857	0.0795269	-7.6720862	-1.9406204	-6.371058	-4.93332	-4.891511	-7.2111626	-7.369124	-11.17482	-9.456577	-0.8093872	-4.8939056	1.6246891	-5.6441383	-1.5260153	2.1027026	-0.41087997	-0.45091394
-407.5384	194.51038	21.645222	41.8422	-51.938118	-15.5365095	13.319796	-14.715061	9.320633	9.007764	-10.428013	4.7600174	6.6556187	4.744482	-1.8662505	5.007806	-1.0784984	-3.2401245	1.2682297	-11.838064	2.096411	-0.51886016	-1.2317235	-1.875522	-0.06158805	0.16372621	6.469755	3.0100586	-4.669448	3.5463529	-9.762449	-2.7559962	-6.458441	-3.8021655	2.2236812	-2.768032	-2.5637815	-3.5156336	-3.9717069	6.206579	5.449992	3.1537166	3.6429515	-3.519174	0.13103592
-349.47855	199.02316	10.02985	36.08756	-59.16455	-15.745895	1.3065698	-12.042566	7.46313	9.964418	-17.520868	6.7029104	-0.82130826	-0.12175509	6.775078	2.1422062	-7.693133	-7.6342688	-3.1452827	-15.336343	3.0440135	1.8872982	-2.1350858	6.2086587	-1.7069585	-4.6464567	-0.38512433	-1.5020149	-7.0866942	1.8970811	-7.9150653	-0.4904643	0.0150539875	3.020599	-0.113524556	-0.49376953	-3.2316756	-2.5279884	-4.9667225	3.0567746	0.6737192	-1.9164636	2.7872126	-4.400359	-4.2180967
-281.44058	182.01572	-6.9669967	16.724413	-37.00463	-11.468327	12.058521	-16.60383	0.8834294	2.954385	-15.536411	10.9874935	4.298773	-4.5726514	1.8690642	-3.059907	-0.4452351	-8.836288	-6.7917075	-3.2599082	-0.048203826	3.1625023	-4.6230583	4.739915	-1.4363251	-3.2020583	5.1978383	-1.6583617	-7.6455283	-2.0990977	-6.6006722	-5.325461	6.2666206	-2.0920873	5.1776466	-2.9171584	-5.4453506	-2.6670775	-4.1870174	3.9559684	4.469002	2.7014205	-0.7794322	-7.7488546	-11.090664
-297.4139	189.25293	-3.0299702	28.781788	-56.968098	-17.833294	12.741126	-10.645008	13.141549	16.144156	-19.018581	6.8261724	-6.29171	1.0898881	-0.582517	-1.9551158	-7.37899	-7.823592	11.621488	-12.966544	3.421432	-4.5559998	-9.848923	6.4747424	-6.013534	-0.9741707	-0.41546568	2.5403137	-0.24004781	0.17533648	-11.475275	-8.676666	-7.1344957	-1.2989838	7.582443	4.107664	3.2069087	-0.5299045	0.59886616	2.4506378	7.0328307	-2.1546175	-2.0907714	-5.5666294	-10.6535
-308.71692	173.27994	12.618281	22.89315	-67.36487	-9.335512	14.342054	-12.928949	9.474367	14.496924	-20.386074	8.187883	-3.4566374	0.028198123	7.0407915	5.1777916	-6.796961	-14.16898	0.19989228	-25.132816	3.2155564	2.0954468	-6.1609364	1.9546208	-8.603904	-4.7177143	-0.5725434	-2.5410023	-5.098366	3.5689127	0.31020296	0.9380668	0.51745677	1.0537565	2.612788	-5.973433	-6.047805	-3.9809833	-0.3646537	2.7755916	0.81291926	-5.4563665	2.4246392	-1.0056272	-13.916527
-320.00888	182.51569	14.280794	28.967178	-88.25757	-20.389473	5.5742297	-12.656705	4.798129	28.263224	-23.680838	13.114437	-19.535473	-1.9123048	-6.6481204	5.7034106	0.29535615	-9.497505	4.196438	-27.61962	2.8921294	3.7467031	-9.053366	5.284321	-10.9661255	-4.475879	-2.0075622	-2.3198814	2.5342734	-1.6002902	-5.256858	-11.9121275	-8.126446	-4.3322535	-1.5930029	-1.3913281	-4.6094723	-3.1818943	-5.1918354	-6.445364	-0.5191856	-7.8805046	4.073925	-4.762759	-9.180158
-283.02078	168.91733	11.395685	20.603306	-56.268814	-14.110811	5.4913445	-15.9963875	8.9958935	18.04927	-20.002037	10.390827	-1.9653525	3.0773528	6.744572	6.111477	-3.7039104	-7.7408156	8.377842	-15.556793	3.8651512	-1.1018226	-8.545404	6.336013	2.9481487	-5.6379747	-4.227379	-5.255579	-2.5755267	1.1089237	-9.450712	-7.3636093	-3.697556	-0.5339237	-0.9436184	-1.0245638	-0.30977118	-5.6607285	-10.288008	-1.8183701	5.771109	1.7076637	6.3679986	-2.517537	-16.204922
-299.58957	178.46472	24.731524	34.071056	-74.3018	-21.97536	3.5635955	-11.267939	12.478035	34.692863	-23.74029	9.802244	-8.673318	8.110771	2.8642745	5.149605	2.6448412	-5.5262046	11.098725	-21.988544	0.40965348	3.2746296	0.27193725	13.082905	2.1975348	-7.7404203	-1.585019	-4.95018	0.28450298	2.6149883	-3.8931236	-8.533111	-9.732359	-2.4777741	1.5407335	1.327177	-1.2347367	-2.3137054	-6.178713	-5.5297403	4.958124	1.0257686	1.3675445	-5.3063283	-9.18498
-308.77747	179.90875	17.188759	31.35542	-83.76223	-17.576862	8.776441	-8.472394	6.3599367	37.31423	-19.22308	17.346554	-11.3258505	10.146452	10.96222	10.5984745	0.05475205	-10.550309	9.269394	-25.39198	-1.016666	5.950668	1.4153473	11.032127	5.167799	-6.795684	-0.18885732	-8.671168	-2.3603086	-2.8548417	-6.916964	-3.0346708	-6.7179523	-1.2113677	-0.5416116	-2.8266742	-2.382212	-5.648189	-7.1976957	-7.5703497	0.5821085	-5.232767	0.4691138	-1.9916042	-10.891911
-243.76025	148.15929	27.25021	10.618212	-50.506462	-9.615448	2.0446916	-19.896322	17.453285	22.156334	-8.287622	0.3924111	-0.18108213	-1.0017674	-0.69271016	11.1946335	-2.9694207	-6.6368523	-5.2658377	-17.869118	-5.3047585	0.018886507	-0.24143118	4.97763	3.346921	-5.039833	-0.62772787	-0.73591626	-1.9569943	0.35691732	-4.4665546	-3.2582715	-5.315641	-1.6672466	3.673142	1.4259323	2.054123	-0.4198575	-6.6940074	-1.5178485	3.606649	3.5692887	6.466401	-1.5495746	-10.768881
-232.82785	169.5033	-18.28309	17.105925	-37.770866	-16.37517	10.479084	-14.299752	-0.88192844	7.0326385	-23.904402	4.055537	-7.0278234	-0.93410605	2.5881014	-2.654684	2.5522163	-11.062538	6.076666	-13.687049	-5.0771475	2.1097746	-10.62105	2.2207813	0.63005686	0.7310995	7.3840775	1.0997329	1.4058483	-2.1585705	-8.1984825	-3.248693	-5.4657354	-2.2809079	1.0069553	-2.366535	-2.5417542	0.270342	-1.9803169	5.5824585	8.190566	8.419277	10.094772	1.6148312	-4.0935483
-251.44685	163.56293	11.024946	18.900753	-51.559406	-12.036753	2.0275297	-17.75306	7.295988	12.423956	-14.362833	7.2324386	4.628124	-2.5181918	13.399513	9.987082	5.3097467	1.127033	5.1450734	-6.9244375	2.3225436	6.44501	-7.9142656	1.9487641	-0.54765916	-0.6950202	9.355303	3.0196817	-2.0599492	0.08945823	-7.0996647	-9.475067	-6.931202	-5.3941283	-1.2940607	-5.7327785	-4.3831363	-2.9548497	-10.761519	2.685358	2.9897237	-3.842105	2.8255284	-2.2915704	-2.6647174
-312.7151	181.59102	19.897068	42.472298	-89.07745	-18.3438	5.169832	-14.619114	2.2149198	32.532227	-19.121447	15.474292	-9.586945	2.7657714	13.528675	-1.1298532	5.797628	-20.59137	4.52205	-19.634678	-5.5759954	-1.0403945	-22.377747	-8.506079	-15.005394	-6.9177427	15.673095	9.123924	10.919412	-0.45837897	-6.2416315	-0.275962	-2.3558378	2.2149334	3.7120833	5.507843	-3.3759625	-2.621726	-5.2490883	1.965203	0.28028357	-16.153954	-2.2519374	1.0116055	-5.6158905
-300.53833	169.61456	26.97754	36.52716	-84.24089	-18.156395	4.086881	-16.61852	3.2591662	26.111588	-15.642248	10.147259	-10.46914	-3.3690836	8.700513	0.6825372	10.844826	-7.5172253	12.82022	-8.887024	-6.2503824	-0.94863355	-14.918266	3.3517725	1.0126681	0.12837666	6.795559	-1.080056	1.7114317	2.8973842	-1.3156333	-1.0479608	-12.191624	-14.28565	-3.9585729	-1.1722898	1.8744829	0.7362588	-8.427525	2.2128797	1.9508111	-13.346227	0.4680977	0.47228223	-2.567898
-276.9951	164.48724	-0.5378145	25.959408	-69.21871	-12.34609	7.7520547	-12.237711	3.6487627	19.57893	-27.759285	11.578655	-12.31901	-2.091449	4.9391804	-4.802875	8.728064	-16.93958	9.843567	-11.771231	-3.5477448	5.2602425	-12.035072	0.74638796	-2.8874083	-2.869	6.6362524	-1.7618225	2.7553885	-2.5579722	-5.562182	-7.9354978	-11.791773	-5.5659237	2.2704482	-2.3800278	-6.7465897	-2.883562	-10.505805	2.6191053	6.7090983	-2.38605	2.1882699	-3.477018	-6.1536865
-278.46957	158.01544	22.024246	25.55499	-76.7119	-10.480915	12.577751	-8.945491	-0.149773	20.332779	-28.372429	5.8713303	-4.1790833	10.5925045	12.6514225	0.83709955	6.733118	-13.751764	7.3913345	-15.569992	-10.538333	9.662405	3.866546	4.2634077	-1.2007219	-4.007759	1.300352	-8.423822	-5.971429	-8.906251	-7.639105	-8.820913	-4.459108	0.9308244	-1.7489761	-8.321171	-4.553831	-2.5179932	-11.084379	3.7516997	6.141023	2.6692467	9.340613	-1.8832033	-10.701443
-280.231	165.74005	27.289295	27.91146	-87.97659	-10.805719	11.269226	-4.319053	-4.987023	26.062977	-23.63821	2.7903025	1.4157852	18.759045	15.7908	6.853248	4.176065	-15.806154	10.457941	-14.101863	-6.858369	7.430064	-4.0578766	2.7783735	7.326356	-2.5675287	1.4199904	-0.46255922	1.5898621	-7.5918183	0.5910723	-2.896279	-6.2477593	-0.5577607	2.7503233	-6.981537	-6.685684	-3.6020386	-12.099596	-0.079734325	-2.3523538	-4.571817	3.0690932	-5.7039165	-5.792059
-278.2528	169.36295	20.32361	25.540642	-89.777435	-2.9231973	12.422186	3.7947578	-18.247086	18.066063	-15.107944	3.5427222	11.349886	20.229649	-1.4180989	7.2899456	4.138996	-18.695763	14.982788	-8.851196	-5.5354	6.500677	-0.43753445	1.4641801	3.3032725	3.2992692	-0.99945736	-3.9433131	1.0998201	-10.14648	1.085568	-6.3639607	-11.374575	-1.0943258	-6.393633	-0.09282744	-3.54254	-3.5753973	-7.36164	-2.918894	-3.56079	-2.5682125	2.5850592	1.3393173	-6.4509478
-265.78165	165.33353	4.7481585	29.758286	-58.740074	-4.802967	2.8287086	17.15362	-18.360958	-1.5188997	-14.295017	-8.792428	20.17125	20.465195	-6.526598	1.7308685	-6.7774754	-22.826641	8.944327	-6.6623116	-8.521774	-1.1155614	-4.1324177	4.781036	4.016307	5.4282875	-5.8859196	-9.196928	2.0587597	-7.1944532	5.486411	-2.29672	-9.907938	-1.2409222	-4.318674	4.31709	3.7935038	-2.3106544	-1.9135851	2.4250097	3.5241997	6.895283	7.0264826	-0.96785057	-8.060944
-255.099	155.95067	-9.442764	2.3287387	-26.32119	7.8580637	-1.8406726	1.6201313	-28.969212	-9.48362	14.02997	0.7447717	9.557375	19.131514	-5.266331	-3.5745208	6.3139453	-9.657142	6.651639	-0.095161	-6.386514	-2.51851	-3.5553472	2.9707007	-2.8531227	5.601973	-4.5114684	-5.7458014	3.911289	-6.484521	3.0471182	-5.127554	-6.1542826	-5.986429	-6.9126787	3.4617271	4.707239	9.653898	7.796038	2.246133	3.5104022	-0.17295098	6.3437147	8.288194	0.8869654
-296.58875	185.04337	-13.614239	4.837472	-31.811787	8.486027	-9.172546	21.31145	-31.863726	-1.7598245	13.833187	-3.0805583	13.497219	13.145212	-2.4601495	3.4632864	10.521812	1.2303045	3.4577293	-4.367389	-8.754643	-8.136769	-1.961116	5.2168846	-7.325131	-4.2176766	0.83973205	2.0070946	0.46136212	-4.291292	8.355534	-8.289977	7.991627	3.7957325	-5.4302607	0.28387737	-10.082172	1.9361265	6.666888	14.496168	9.508565	1.6411659	-5.6565676	-4.4465866	-3.6806533
-334.5546	189.47388	-12.368145	-2.7661664	-17.82924	9.108535	-1.9875535	12.378138	-35.138832	-8.100249	4.1141624	5.3370113	23.46885	3.1775103	5.648304	-0.32721737	2.9851637	4.7874107	5.393009	4.2133527	-8.828056	-1.785616	-6.0908833	5.6361065	-3.3850203	-6.0650253	3.8108337	6.602824	2.0041442	-4.533678	0.31113708	-16.535603	-0.49636817	-1.9794245	0.13908684	5.289406	-5.6889977	-4.56017	-4.9588666	10.805061	1.7389464	3.2853174	2.4453182	2.583528	4.8501782
-385.3332	174.8	-11.306941	-14.041636	5.5801306	18.983246	10.2181015	-1.231254	-15.327547	-9.028862	-3.176363	16.107101	13.494779	2.276484	-1.0549212	-3.3843966	5.1038675	3.4929223	9.661291	0.32696503	-4.2435255	-4.1797175	-9.463027	6.287495	5.0988626	8.982643	7.083827	5.9729667	3.373592	0.33756387	-2.8132944	-4.029764	1.3917083	-0.4679774	4.5761614	5.5122333	1.1522888	-3.9768758	-2.3311877	-0.0794971	1.869187	-5.8278737	-6.9832854	-3.0391016	11.622388
-518.01447	165.97899	0.7389057	-5.3598557	16.795618	35.58801	29.850712	12.108006	3.0920107	-9.989473	-4.8545866	11.92976	9.696682	8.122047	3.5189483	1.3429058	-0.24357861	5.5281506	3.428351	2.753296	-4.1723394	-6.33667	0.015398681	10.478268	9.679961	10.716988	-0.56712186	-6.384354	-5.458205	-0.61930764	-0.52571785	-0.88841355	-1.3502303	-5.2413	-0.008914888	2.9662998	4.005348	3.9934812	4.481862	1.5983692	-3.130509	-0.21947391	0.99269456	3.5039988	5.2424755
-611.4212	143.79453	49.552353	16.646732	26.12067	39.110878	21.00442	-0.8501092	5.559147	-2.9559941	-1.7400498	13.92976	15.519487	6.796673	-2.7361093	1.8504076	5.343396	5.7219825	7.0797043	2.6034677	-18.434195	-10.669121	3.4071453	5.258627	0.39029813	6.001484	-0.34602296	1.6173617	-0.4400432	7.081222	1.079548	-6.2060328	-3.4374814	0.13019478	11.564937	7.5609117	-8.750929	-9.007414	-4.591919	3.1318636	4.843018	7.879303	-2.1425188	-0.37293184	-2.2623081
-653.3545	118.4245	64.30045	28.649467	9.024007	22.42532	30.557697	15.594633	4.510334	-6.7919683	7.8711433	15.771938	12.335394	7.156853	-0.36878017	-2.9351223	-1.5538884	2.7491913	1.6446389	5.465376	-10.184741	5.5051684	6.9886007	2.4093788	0.66622984	12.397547	4.104052	2.6735818	-1.7656435	4.318545	3.4483256	-1.9013124	-4.4253683	2.8205051	3.9293537	6.0292788	-3.0266027	-0.97896284	1.7522426	1.2930832	9.04998	8.698679	6.0637746	5.4599485	-2.7875013