-502.28452	59.61338	32.555943	61.042664	6.32827	44.40719	2.3945746	7.557147	22.711758	1.6210173	-5.2365093	-7.420214	-6.148435	-1.8131158	5.9220734	5.0150228	3.8713613	1.9834259	4.8677073	12.292458	3.1256275	0.46381027	5.036912	5.398496	-1.623972	-1.5730731	9.075629	4.406917	5.913377	5.6318436	7.3051243	1.2253408	7.052413	6.4158926	-0.46359348	2.3177257	1.6157134	5.7739124	-3.93534	0.61185694	4.2546654	-2.331254	-2.1665518	5.5778356	4.5208254
-536.01025	3.3701494	51.994255	64.29159	5.5974283	38.95736	-0.006108284	6.514471	27.430748	-1.819447	8.802392	1.7060741	10.912783	9.898943	14.346848	3.560398	-1.0389644	4.6707883	5.690509	4.2898045	3.298799	3.0077562	-2.376725	2.272224	-0.50253487	0.3520674	1.8515435	-5.25058	-2.647183	-0.4317732	7.3540177	-5.7986975	0.64030933	1.9379451	5.9755144	5.0171323	-5.824194	0.773604	4.4415283	5.763756	3.77824	3.3540564	1.5544108	5.5931435	-0.47493577
-541.9312	-15.878966	64.68176	42.902176	-0.48331714	41.097527	3.8705745	30.690628	32.79544	8.018274	20.268295	-0.7098806	2.70479	-5.485783	-2.0100107	1.9354732	-0.54150057	3.539275	0.30213892	0.38495338	8.170311	7.384186	-0.3075831	4.0285854	-0.18016183	-3.9227264	3.8838723	6.2675734	-3.4907043	0.96191895	1.881661	-10.124964	5.412756	1.602013	7.6905355	13.231016	-2.5103066	-0.17447013	8.509609	4.655653	-1.2161454	-5.2434125	-6.611432	-0.47354794	-0.81026113
-517.5457	-5.8917313	84.98015	40.479496	15.2684	50.805367	3.4976325	24.76985	22.035637	1.481542	27.93254	5.790312	8.801613	-14.929592	-10.132248	-6.846049	-0.6727313	4.3319697	6.6366453	12.695991	8.065638	-1.1819224	-2.3551836	-3.8627644	-1.3541762	-4.065457	-1.8749933	2.8370774	0.46530288	0.20759323	-0.9179176	-4.556186	-0.30639124	-0.81660175	1.7395563	3.4445162	-8.788577	-9.993031	-4.9910088	-6.4734354	-1.3270719	11.6307	3.7317338	3.0992506	2.367748
-486.23483	12.797063	99.45436	32.117603	9.007001	41.341515	-8.386949	18.687935	12.290779	-10.250844	18.619415	3.1068192	12.495574	1.6901116	3.697105	4.6068754	-2.2437222	-6.082	-5.300997	10.787239	8.318766	-1.1391411	-3.1207557	4.609582	1.5369464	-13.206917	-4.88547	3.2132483	6.8120527	-0.83935267	-1.9736423	-1.2102466	-5.6918135	-10.4015255	-9.631016	-5.9157486	-2.5322073	-0.18093616	1.8525538	1.5241814	1.4019027	4.61168	0.92436886	-3.7068276	-4.388608
-470.72845	11.795574	92.36665	25.181084	12.470566	37.396523	-17.993282	19.757929	15.52404	-7.490236	13.939821	-1.9294442	1.7523139	-2.5566707	17.577824	8.954247	-7.6942453	-5.8603225	3.0380144	12.746325	8.19635	1.8131309	-7.6015587	8.1298065	4.2609224	-6.8032513	-4.735499	0.2175867	3.6233282	1.1563027	6.0542727	3.1642556	-2.2492309	-4.51733	-0.33222497	-0.43097526	5.2040205	1.8992522	1.7812421	10.645778	8.354468	4.5187783	2.8168428	-2.871498	0.7179349
-464.77682	2.8100438	77.270355	23.246544	11.428627	33.00484	-24.071802	14.001542	2.0833557	-5.294235	8.362225	-5.4299097	11.758919	4.5964127	6.673476	1.8658895	-4.3145914	-5.305146	0.873363	9.510563	0.60081553	7.2885733	-0.8397269	7.226067	0.2293095	-1.6849774	-3.2109742	-1.7691195	11.182428	7.733978	10.975193	-1.3735082	-3.9856412	-9.665966	4.7111945	0.44862795	-2.134232	-1.8105044	-1.5533171	3.2504933	1.8987089	4.6657457	-4.4727774	-3.0668037	5.6304107
-437.3893	3.3846729	64.514656	19.466393	-0.7288306	29.308525	-24.07769	16.938251	0.9247477	4.8676276	9.955082	0.3351001	25.525352	3.4201784	0.48993176	5.6615305	2.906784	-3.9001691	-3.6514273	4.012929	0.78479975	9.300961	-4.531498	8.048459	0.29890233	1.5689816	12.109948	6.030265	2.6922488	-0.7777599	0.15100953	-9.946939	-1.036665	-5.6125245	-4.084895	-10.321598	-1.3841274	3.2832687	-1.9193847	-5.220766	1.4973739	2.0421793	2.5395684	6.700118	4.126688
-410.18616	17.697119	51.887173	22.866053	-5.6850224	12.687832	-22.710453	26.633549	-2.7541494	-3.3157384	5.205613	1.7420317	27.61399	-1.8746483	4.1672893	11.651291	5.1673255	-0.3339193	-3.9835196	-4.002128	-0.6935279	12.475708	-6.060774	0.54921377	-10.481365	-5.4794855	1.3415487	-10.206202	-3.2716608	-1.3063542	-2.2717726	-4.794849	0.32782054	-2.1182158	8.381322	3.452371	0.5410436	1.6129658	2.4720135	0.06330032	0.43061996	-4.368375	4.3243556	0.02453041	-0.35031843
-365.8359	62.375328	53.070683	30.584558	10.647057	29.516012	-16.488998	26.240446	11.532845	8.907094	5.454792	-4.037037	16.863308	-5.096484	9.432743	2.7244925	-2.6483517	2.2178771	-6.6799498	0.5469233	5.6271315	3.411241	-4.7408366	-3.662748	-10.695349	-7.0993614	-0.50312304	-1.2355766	15.369739	12.315269	2.5321307	-5.7325478	-2.131826	-7.934361	-1.5340221	6.6458607	6.0276427	5.341524	5.4229536	0.34433994	5.911617	3.2753968	2.2442372	0.34908867	-2.562728
-326.84012	131.36313	7.139821	12.044308	12.095987	38.33092	-9.611903	-7.1489506	-12.156563	12.804369	9.663503	-0.76868224	23.242535	-1.1116122	6.40444	8.853405	-6.197528	8.400634	7.202789	0.43245327	9.729173	11.032034	6.0336714	-4.184563	-3.4089534	4.264361	2.5352259	1.5596697	7.5086327	1.9802003	-0.50462115	-5.7951245	-5.003088	-0.07594183	-1.7510759	1.5266585	4.5491695	-5.932319	-5.345291	-7.2207656	-8.684857	-3.822041	-1.4019403	3.753772	-0.94454175
-306.16614	157.98541	-23.050243	27.72018	-18.870377	33.300053	-14.195229	7.9097342	12.664255	12.597679	10.547547	-16.455711	10.255018	1.0966923	4.396965	4.7281437	7.9954224	-3.2726064	2.4963524	1.2312397	-3.1313891	6.8274665	0.16195703	4.4489174	-1.9167356	-2.1945195	-1.5167713	-1.5035751	3.4698238	0.8324018	7.5969257	3.6920319	4.9476457	6.287658	3.5255857	-4.0533795	-9.01288	-10.3596325	1.2877498	3.3484707	13.088151	21.324131	8.9969845	-5.5279837	-10.176207
-268.71152	167.15137	-43.60285	11.600857	-28.082424	26.900347	-7.4626036	0.6356057	11.630732	13.3714695	17.207249	-18.334904	5.863162	-4.0951986	3.4818697	-1.9636514	3.944425	-10.070791	-0.8424505	0.748937	-4.066744	4.833707	-3.095201	2.6462653	-3.3969626	0.31336105	-1.3697156	0.84514356	5.8240395	2.015144	5.2721767	-2.447224	-4.585451	-1.1757054	-2.6062546	-1.6156014	-2.987536	-1.7426682	1.7844012	-1.1655897	4.3184	7.593535	4.2302065	-1.9179423	-3.6508212
-248.93141	162.25739	-63.13513	2.3217537	-30.362988	22.227467	4.8903017	-1.5867946	8.064927	7.9010096	14.859718	-19.200869	-4.4112406	-5.7370663	1.9821835	0.96718013	10.031679	-3.9313488	0.49435878	4.05149	-7.6127586	-1.2828016	-5.38894	1.8222272	-5.496509	-0.59256756	-2.6642065	-0.43658268	3.6491303	1.4879487	1.6967058	-6.991973	-9.895472	-6.6658363	-6.7771	-5.062611	-6.3981442	-3.0866876	-0.54444003	-5.6963444	-4.4890766	-1.1544785	-1.0444187	-3.7581358	-7.2475514
-200.7983	141.56088	-52.55839	-10.241988	-13.403794	6.8066254	21.509146	-9.553715	5.3783455	11.709707	5.835701	-3.4166849	-12.893778	2.4067461	3.127015	-0.7795677	4.6678677	-10.533463	-6.4283056	1.6622751	-1.8448844	0.04551997	-0.9529087	-3.6127508	-2.156401	-2.2843559	0.11170554	1.9978688	1.266314	2.1110945	-0.51574254	-2.8310058	-0.6359012	2.2936811	0.6794363	-0.72651434	-0.79638433	0.61216664	1.7537692	0.65726864	2.4131644	4.1580887	2.0781732	0.09762925	-3.5544715
-179.45639	120.36234	-66.268616	-17.116875	-24.163857	10.214222	22.914747	0.5933953	9.188034	16.472136	9.318828	-1.0050774	-9.255895	8.850337	0.42196578	-5.968152	7.1939015	-7.946517	-10.438686	-1.4595398	-2.38621	-3.1938114	-2.034624	-6.362232	-2.0160282	0.2124812	-0.6106127	1.7797354	-2.8245237	5.9365654	-0.6238851	-2.2027428	3.9081438	-1.634615	4.19489	-2.166203	0.5588561	-0.53500175	-1.530237	-3.4207823	-4.5623894	-3.5334954	-4.649268	-1.4795834	-1.1732763
-203.19437	132.86887	-86.103546	-6.7661285	-29.984367	10.361565	28.244719	-3.2019308	-2.0492353	10.195304	-0.08987586	6.8168097	-13.884169	-1.2278789	7.9658203	-9.283438	4.4309387	-10.44301	-10.107216	2.8944128	-4.4499874	-6.759879	-8.590446	-8.9033375	-10.122124	-6.240522	-3.7069032	1.4865077	-1.9897189	4.417281	7.1037107	4.22967	3.2188804	2.4727595	-0.36971694	-3.80262	-2.060593	-2.361117	2.5794468	0.71349573	-6.0543585	-6.619691	-7.074726	-2.246756	-2.0734477
-197.86043	143.47054	-88.166046	-2.1556556	-32.799038	10.249336	28.74308	-2.7090786	-4.4038324	12.679451	-1.111474	8.205896	-19.858093	-6.901344	7.254291	-10.554649	10.047249	-6.9333158	-9.989693	3.0829792	1.8445845	6.034602	1.0146859	-0.02068448	-4.207748	-1.0145099	-1.9654524	4.058515	0.90357304	0.58598006	-0.9621346	-5.319808	-1.962492	-4.6449075	-2.486051	-2.0781176	-0.64380467	-6.3058257	-3.6909597	1.9100646	-0.3505336	0.29087788	-2.8901942	-3.3881955	-3.0872679
-208.0266	140.09744	-86.648895	1.9977295	-36.931957	7.8240514	28.964834	1.3269511	-5.716635	10.5376835	-6.516264	10.673605	-18.132156	-4.3615904	7.4939246	-13.648172	5.672314	-11.571476	-14.2166	0.05038038	-0.6404069	2.4155085	-5.8435326	-3.6255944	-3.257135	5.989892	3.3137236	1.9230528	-5.1241264	-5.159886	-1.3159351	-6.17801	0.045453846	-1.3595916	-1.3393807	-7.255828	-3.0136564	-0.38636398	0.85868305	0.7782359	-2.9338384	-0.056913614	-4.470087	-4.413168	-3.1829383
-210.40129	140.71373	-85.8622	-0.049869925	-37.3198	6.09124	26.549183	-5.6506224	-9.791344	10.9191675	0.73520404	15.665952	-19.460823	-11.398311	1.5598017	-15.0605755	13.945368	-3.1353188	-11.139584	-2.253354	-3.08415	1.6123563	-4.777256	0.28967643	-1.1365386	5.5609055	1.9450784	0.74503434	-4.4134693	-6.006423	-0.18925524	-5.862243	2.1117163	-1.5847882	1.1228424	-5.8934326	-4.2978425	-4.443088	-1.5700523	3.7294173	2.8491404	4.652585	-1.685056	-6.24956	-6.4618015
-215.52339	151.07855	-85.28682	-3.764444	-46.249573	9.030748	33.786556	5.4970207	-9.620433	7.4508243	-8.668345	12.912619	-23.220499	-8.1042	6.3868146	-10.613414	13.584992	-5.074043	-8.601934	1.224703	0.46275377	4.2813807	-1.1499565	1.4281808	-8.763245	-4.475595	-3.8861504	3.477116	0.5507339	0.45201325	2.0193717	-5.4080324	-0.42776072	-3.945743	-2.5713263	-8.245299	-2.3315785	-2.4346008	-8.397158	-8.101811	-4.1477385	2.8539197	-1.7254858	-3.7450507	-2.4413874
-225.58449	155.44147	-83.78687	-0.036938787	-50.17022	12.504902	28.8848	13.714371	-6.811633	20.871357	-6.219488	21.455944	-21.691193	-1.571425	4.047641	-11.259865	9.691355	1.650455	-7.645586	-1.836299	-5.9679585	7.747536	0.6287886	3.4177516	-9.740918	-0.16307265	0.5665271	5.393999	-1.6539099	0.58854485	2.7568963	-1.8713979	0.5815376	-3.3963323	0.58119345	-6.584591	-0.4466045	1.0326703	-3.7643409	-1.8961957	-1.9248812	-0.8140033	-1.7662123	1.051196	-6.7775
-238.71634	151.1779	-68.3434	-3.5472906	-48.47753	4.495633	34.236366	13.623572	-4.8346205	9.926067	-4.72264	22.175526	-17.051617	-5.1084456	5.323489	-15.715063	13.981834	4.94042	-1.9862044	-2.1089432	0.52102995	2.2744873	-5.5377607	4.6743946	-6.075487	-0.5539067	0.6008899	4.1921043	-0.20902815	0.64214724	3.5883758	-0.78597	5.274928	-5.3773756	2.2191648	-10.109755	-6.1807337	-2.9485998	-6.522589	-4.1475744	-4.429543	-1.1154828	-0.29750288	-0.9660642	-8.869602
-237.4146	146.58963	-60.884483	-13.92787	-45.806503	5.611094	20.121937	15.338564	5.9556875	1.8526628	0.19597006	14.353834	-8.7225065	-9.164685	-1.6842942	-19.28205	6.9609275	1.2017158	-5.343671	-7.05545	-11.55811	-1.3058722	-5.148863	8.036949	-2.7641835	-3.7871647	-6.1688385	1.0550826	-0.5236294	1.4147253	3.2454312	-4.865614	-0.6302561	-8.294871	1.0183241	-4.9174147	-0.54469764	1.5946183	0.48520535	-1.3851385	-1.1947514	-2.3756506	-3.3646805	-0.5276858	-4.825802
-220.49825	148.04364	-45.661583	-21.50576	-31.12886	-1.2251933	14.328014	6.264684	5.268563	3.7724545	7.7370195	14.800678	-2.847907	-1.5230483	-1.4233192	-8.269253	3.0425456	5.031125	2.0609703	-2.3699908	-4.9781	-5.1496677	-8.562391	-2.2657487	2.0848362	0.6470966	1.7600527	0.9745977	-5.4099865	-0.74288106	3.8471704	3.4112241	6.593313	-0.83796614	-0.105840445	-0.02888894	1.7696064	7.1181526	4.261635	0.6397489	-1.18741	-4.5166235	-7.425872	-5.9492207	-8.987426
-262.83087	167.37729	-41.94887	-11.803709	-45.682476	-7.0101748	23.743816	9.7550125	5.1801715	11.897704	-5.5990667	14.87568	-8.54574	-2.7091417	3.6437604	-23.724092	-0.63309145	-8.740156	-4.3055015	-4.9202585	-6.0828123	0.79535127	-6.4770193	1.3987939	0.5562234	-3.8982563	-2.0624297	1.8859136	-3.9148839	1.192425	2.6763515	-7.518016	-6.530555	-10.307228	-1.901916	0.9992696	4.8400326	8.96458	4.379424	1.1742519	0.19757748	0.9711679	-1.0473442	-0.7294185	-5.896154
-303.97205	192.34256	-39.752098	8.373705	-61.932198	-11.111843	12.257591	22.507912	3.940109	9.264942	-16.397343	22.452457	-18.427929	4.05379	1.7443362	-20.832561	-0.26121593	-9.411219	-0.88177586	4.107588	0.8365685	5.676277	-7.662204	3.3071997	2.3445992	-1.5831884	3.7043824	4.750592	-0.79044807	1.0641277	6.3343716	-11.903406	-5.3089724	-16.357279	-2.7586558	0.2439495	3.2065358	4.6966743	-5.489524	-8.580841	-1.48486	1.5142269	2.6262593	1.7591615	-3.6370916
-292.27716	177.41393	-24.729462	-10.262045	-50.4038	-16.30241	14.713064	7.7593265	6.8787885	0.117025435	-5.358597	15.053051	-8.524226	1.0336235	-1.3221269	-24.017633	0.9698101	0.53051	1.7821149	2.1448848	-4.022231	-3.6772122	-8.884056	-8.622708	-2.4738076	-3.1658666	0.6099973	7.541346	-4.10097	1.7242248	6.2328215	-4.858989	-0.90592027	-2.3112736	2.182895	3.430938	-3.1640387	-5.9220724	-9.791304	-4.6876554	3.556782	3.088102	-4.4586906	-6.206983	-4.3929434
-302.3618	180.70511	-9.580557	-9.974069	-49.806953	-17.977331	7.1174326	6.499935	13.264634	4.076499	3.5732157	12.649368	-10.035444	0.40906295	3.2659612	-14.61731	1.8190874	1.0311623	-3.3166616	0.547803	-5.7009363	-3.6967626	-5.8146887	-7.213316	-1.2230552	-7.7378483	-4.708471	7.1735234	-0.03906548	1.4761342	1.1033049	-7.3511214	5.271173	8.711771	4.4350886	-3.8021426	-7.248086	3.1454368	1.0824127	-10.168089	-4.069787	4.288119	0.64254045	-1.1771505	-4.873305
-339.51788	197.92062	-8.957243	-2.38391	-56.628403	-27.055077	1.9972978	4.8300695	15.844034	7.381323	-2.5428715	10.500045	-16.218939	3.0325594	11.816766	-14.107226	4.3936734	-5.538389	-9.102247	1.9816328	2.160553	6.4433646	-6.1682415	-9.437252	-1.4390357	1.7144167	6.0382066	5.511808	-11.48369	-3.3903706	6.8967752	-8.280861	-0.19274554	2.6972451	2.173787	-1.7327529	-9.399012	1.5633953	0.36292252	-4.806315	-1.7058473	-0.7978972	-3.795269	-0.94859767	-3.3701742
-361.63034	197.94595	-8.180435	4.0959954	-65.0815	-34.020164	0.76358855	7.3493977	14.422836	5.5204515	-10.271336	10.094582	-19.423595	6.4031224	7.923442	-23.640905	-1.5173733	-11.498315	-7.810917	-2.3492777	-5.2624283	2.5677369	1.4076359	7.2922783	2.1187377	-5.3196487	-0.8240471	3.5987434	-10.875707	-9.803793	-1.1840916	-6.760042	-3.238997	-8.407294	-11.156506	-0.7443907	-7.787105	-0.39049762	-3.9392107	-6.7261963	-0.35858637	2.1916866	-2.5399969	-1.699415	-7.6175003
-359.10873	193.52454	-0.14987652	8.329079	-53.898228	-29.889435	-5.038226	1.3536243	13.68051	10.091265	-2.6565287	11.873075	-19.310984	4.4616523	10.756934	-11.920066	10.6728945	-4.3171077	-9.733953	-8.487277	-5.5199113	6.3209662	6.9435806	7.2545347	0.15978785	-8.720207	-5.269802	1.1033331	-5.287743	0.07088083	1.8202057	-8.3746195	-0.74389064	-6.0901737	-1.2041715	4.5065145	-2.98977	-4.0885596	-8.682678	-4.747429	3.924262	6.6236353	3.060772	0.9342989	-7.1261115
-388.45477	200.44017	-0.81800294	19.857758	-60.58443	-21.791166	4.064297	0.6997015	9.28574	15.988536	0.20934969	21.136894	-23.124868	6.302044	14.403051	-14.002703	13.952921	-7.8933954	-2.2853417	-5.195304	-2.140725	4.9814095	1.2713678	11.64379	-0.90126085	-7.388011	-2.3599787	2.1185708	-3.3932106	2.5860772	3.425703	-6.7377205	-3.022634	-2.076105	-4.9252586	-4.895257	-5.9635057	-4.4734244	-6.231407	-2.2944748	1.7199914	-3.7189584	-4.8640347	-4.0495872	0.5387768
-399.25693	185.56807	19.561539	17.520391	-67.38591	-32.855827	1.4544425	1.4245772	17.207829	9.6528	0.9820101	6.8209677	-23.837955	5.867219	3.5057726	-8.765361	4.051321	-4.6990285	-8.027273	-6.741807	-0.67709064	-1.5555489	-3.1105976	2.635476	-7.2638874	-9.783711	-2.094067	1.7175218	-0.5081146	3.3936706	2.801406	-4.2713366	1.5660334	-1.1324666	-1.0152507	-4.594361	-6.715275	-2.5403738	-1.6697444	3.4628704	6.204161	-0.040616572	-1.9175956	0.030714273	-0.80625457
-343.4122	166.41522	-1.129014	-8.632455	-25.846493	-13.884165	-5.4134283	-2.6756697	-0.077795446	0.035621107	-0.09095311	-1.2120534	-0.63088155	4.708809	1.434346	-1.0131078	-2.6557088	-4.5972767	-5.903557	-1.5216011	3.851915	-0.58065057	-1.1396394	-2.240276	-9.29809	-7.538072	-1.1491299	-3.4744017	-1.8111954	-0.8677677	-5.084676	-2.7290308	-3.1514773	-2.6929083	-0.014199577	-4.269635	-2.9658484	-3.3328443	-6.133156	-2.3398433	1.3532971	3.2160292	10.376478	12.371408	6.832716
-446.86102	210.92142	20.980364	14.793464	-59.510178	-32.284954	6.939452	-3.3675437	15.062032	10.249031	-1.8883775	4.9173274	-6.1108894	3.125498	7.0445247	-6.7478156	6.19495	1.1274097	-3.9305174	-1.908524	-6.792447	-10.562818	-1.7600375	-3.6098466	-8.162575	-1.9708358	-4.805984	0.81168616	1.5378678	-0.41467255	-2.3430052	-0.15045482	-4.5295825	-6.517784	-8.001694	-8.115491	2.1682916	2.5072346	-6.524747	-7.5086865	-0.5823151	2.4196305	2.7216108	5.128211	-0.019379526
-484.6466	209.47482	33.110252	17.765345	-59.51715	-30.740807	8.033054	-2.7950344	17.856384	15.077692	-1.856869	6.547038	-6.5124474	3.8664885	5.5602245	-7.209771	1.9163388	-2.503943	-6.121084	-2.543169	-7.3532505	-5.3488264	1.7944688	-4.892647	-4.9242783	3.7512732	-4.3858905	-4.1518793	-0.34981406	-1.9541364	4.1307197	-1.6928697	-2.9893644	0.13343161	3.73801	0.13659942	1.8268046	-2.7628732	-5.5193	-4.9581	-3.4693704	-2.8738613	-5.580826	-3.1075482	4.209928
-491.75327	204.00165	32.325584	19.150055	-55.739136	-30.523258	3.1993937	-12.454821	15.439674	15.694899	-3.5430965	4.781945	-9.319708	0.6179843	4.118778	-6.169149	0.5019055	-9.567873	-13.311441	-0.64864814	-1.1531802	-2.410276	-2.2304983	-1.0200531	7.178172	7.47687	-10.003227	-7.130369	5.899878	-2.791778	2.4665904	0.2524842	-4.331632	-3.7294326	1.6759827	8.317005	2.551572	-4.660307	-3.3183515	2.4894547	3.9280634	10.401924	8.215884	4.777203	2.1007664
-539.51373	206.12216	57.857483	7.456012	-43.630768	-21.809809	-4.5469894	-0.6105125	16.127811	19.878242	-5.9000354	4.287883	-7.1294084	-4.2773533	6.1591997	-3.2762165	-6.9959273	-4.767873	-5.932513	-4.5115657	-9.713842	-1.555507	3.3881478	-6.0369735	-1.3439748	1.3855524	-4.504612	-2.5621867	0.9386431	-6.5142746	-1.8403344	-0.30945873	-2.3546207	0.70662117	-1.0762267	2.2801905	6.977334	1.1951047	-1.9735327	1.3963763	-0.9655387	-4.429812	-0.97822714	10.41531	-0.3817292
-536.76337	170.16483	12.970776	-4.957013	-9.679045	7.945796	13.443344	11.164343	13.600207	8.327524	0.5214188	0.8335255	4.6365376	-1.5703698	-1.3610213	-5.1775985	-12.075167	-13.486485	-9.759768	-11.522453	-9.446161	2.7190108	-0.8911487	4.2358723	7.6015654	2.5332391	0.77172506	-3.5605173	-11.045516	-5.325013	-5.9142895	-7.7049384	3.2750487	0.6440804	3.2551045	6.4573083	0.54479074	5.0930147	2.7422938	2.8506875	3.8818374	2.8425527	0.3330059	2.6011329	-3.880775
-619.2439	152.452	69.84006	32.395924	1.1126866	-0.59180975	3.4969692	5.4699874	13.068122	16.409065	4.4732013	5.0219765	-5.1321964	-1.0126567	-1.8834169	-4.797388	-7.8009396	-8.18523	-11.442852	1.4498761	-2.3112164	-2.6989496	-3.8258576	-2.6736822	6.102432	-5.148267	-7.9220123	-4.2324114	-2.4991539	-2.318563	-3.0902996	-0.4586268	-4.485422	-7.8518715	2.0353553	12.125037	7.757229	6.6391783	8.756599	4.0773478	-0.36925292	-1.7390501	-1.9617813	0.6631582	-6.9500704
-634.2815	139.72375	58.910107	24.324438	3.7511978	12.192319	12.892131	11.511424	15.027157	13.021656	5.6232777	3.274331	-4.0956316	-6.5984826	-18.797932	-8.221238	-8.789816	-9.720787	-0.34383878	-1.8092272	-1.1151199	8.260477	1.2389153	-2.574987	1.7814243	0.16888796	-2.4874687	1.8530473	2.5433471	-5.6971235	-10.685958	-13.906253	-14.13129	-5.1074114	7.77265	11.755997	10.04426	15.447655	6.7122345	4.8346505	-0.6436844	-2.7538526	-1.9438666	-1.2166553	-5.0025063
-664.3374	120.977905	58.84015	30.13783	8.084392	9.664192	6.2594833	8.297741	11.90827	15.036846	9.735195	6.175536	-3.7230701	-1.4724355	-3.0752616	12.945977	8.633983	6.3799133	6.31384	-8.223461	-12.613157	-14.689024	-11.8930025	4.0408273	2.3945122	-5.844989	-3.2244587	6.2749777	-0.5385101	-5.015458	-8.35239	-4.7667236	4.5584307	3.903667	8.862784	11.631497	3.268576	8.992959	11.198528	2.9263327	6.171338	5.3617024	-2.723312	0.2500469	4.25304
-679.0149	104.18509	62.606155	38.770973	14.487761	13.48764	14.88316	17.818863	7.710803	14.768906	12.012392	3.0925128	-10.072514	-4.737135	-3.0847015	0.03930843	-8.615257	-1.2696052	7.5044165	6.481923	5.0713296	0.5811821	-0.41158658	8.444785	-1.8834782	-5.1381764	0.41645068	2.8225455	1.0069754	-0.0056530535	5.008352	6.654146	4.167698	7.8986588	5.826395	9.601249	3.5732458	-2.3802702	1.0057901	7.1616955	2.0072093	1.4927444	-5.4215007	-6.002757	6.6343007
-688.709	90.68933	47.624115	33.828537	16.413877	10.528177	14.864414	18.915926	14.1471615	17.410229	4.1526103	-0.09397435	-2.4539747	1.4411051	4.2143316	-0.39703393	-11.529364	2.0774713	4.122477	9.797934	4.683136	-3.6032383	2.9082038	10.050028	5.9575615	4.387197	8.587679	4.898519	7.668252	6.7340937	0.35361537	-2.0142438	1.4288945	7.8665257	-5.7174726	-2.7396452	1.1507905	1.6186914	5.37162	2.0710351	3.6682658	0.4760754	-3.8434112	1.3839307	7.6677585