-482.7216	111.302124	15.957449	20.470959	-3.23277	8.9413	-12.998486	5.1541023	7.5824556	3.6961086	-0.2468107	-9.04555	8.2754135	0.82462096	-0.59161365	-1.9862655	-0.37359363	-4.776373	-9.001048	5.492635	8.383463	0.99867517	-6.2840567	11.602101	-1.2897744	6.437352	-0.5048904	-0.64999115	-0.2889111	1.1987998	1.894913	3.7140222	-0.22568022	11.624789	4.2274218	0.5665136	-6.1839123	-3.649634	8.831884	-3.4059463	6.46674	2.3624399	-5.4658074	5.975425	-0.056970894
-386.52167	151.9678	-20.781279	-20.489534	-21.344612	9.34692	-14.61949	1.2202127	16.418901	5.688686	-1.2905414	-16.880196	-3.6410048	-4.0675993	-1.9161212	-5.148013	-6.6055098	-3.044839	-2.6725707	-6.322051	-8.983125	-0.50311124	-6.9280562	-5.4982414	-16.807755	-11.193876	-6.6096544	0.2659011	5.174695	7.22989	4.1924267	4.261018	-2.1458104	-0.6655121	-0.78502893	2.4746714	5.7228384	9.729449	8.026678	-5.021131	-0.24135482	0.542418	-2.6304102	3.122493	0.9180708
-332.4252	157.8591	-47.755394	6.5455656	-31.147007	5.1657014	2.3796477	-3.0723732	24.347855	7.650125	-1.1077987	-16.578377	-2.3497858	2.9798322	-7.35105	-0.45735174	-2.0304954	-6.3155603	0.018148422	-8.060993	-10.521542	-0.097524285	-2.3590012	-3.3253322	-0.5903393	-1.7004998	-1.2195616	0.31445333	-0.49460602	-2.0620422	1.1650498	-1.0883281	-3.15632	-4.219825	1.3471651	-3.2519782	0.92620504	-4.379245	-4.020841	-1.0064471	-5.239124	0.66324973	0.5766969	5.209692	1.9737271
-291.26346	161.53644	-83.94954	9.331938	-36.528145	9.47362	4.8558517	-1.9489248	13.906551	4.6449804	-1.5409348	-15.746355	-7.4974294	1.8132054	-3.6241937	-6.1236134	-5.5611496	-14.748839	-3.4124563	-9.9121	-7.6470227	-4.0119314	-9.821066	-10.9500475	-3.660698	0.88378704	3.5912478	-0.88203573	-1.8301346	-0.13538754	0.20317423	-3.025978	-7.7293243	-3.034435	3.556047	-1.0240662	-6.9383736	-10.378101	-3.7008262	0.22126245	-5.7917414	-4.1511345	-0.92413795	9.35363	9.319297
-268.98547	156.21948	-87.66049	18.64999	-26.724247	19.590294	11.925194	-3.3156695	11.442172	8.651451	0.569138	-12.544136	-7.403388	2.147173	-2.2218475	-7.131654	0.9649309	-8.982185	4.485193	-3.7022214	-4.6231723	-1.1116399	-1.9134331	-4.709608	-4.025681	-1.3624691	4.424849	5.0883355	2.5839307	-1.7755718	-8.602392	-3.0723155	-5.039378	-3.320078	-5.548912	1.3727784	5.9714518	0.7434393	-4.964663	-4.9319625	-2.9786196	2.7458649	2.3412225	0.42362309	-6.5987406
-243.50404	139.55353	-88.569916	2.1075535	-24.070265	9.841404	13.894133	-3.6134849	9.078962	8.631644	-1.1973145	-6.1725955	-2.8175821	7.5838594	-4.491628	-8.981397	-2.3591185	-9.4463825	-0.17427412	-3.5893416	-9.571199	-2.5195117	-1.673507	2.0783637	-2.5361946	-6.8473	-1.4573003	0.97349	1.3017337	-1.1036539	0.38444737	2.8437285	-3.1850996	-1.4700668	1.8734491	5.5821114	1.1524081	-7.391922	-5.6136274	-6.6263304	-3.933048	1.3651181	-0.54431975	0.57041556	-0.36695737
-228.28027	129.36674	-76.44888	-1.4265301	-17.935503	5.791299	13.857393	-2.8761144	12.83482	9.586367	-8.207616	-12.603207	2.9401474	13.042946	-8.836713	-7.9926257	0.8152765	-6.1947107	-0.24455976	0.68679357	-9.483921	2.6733418	1.1104764	-0.94185156	0.9382745	-3.1462045	2.5090482	-3.3844543	-0.08959508	-3.5790372	-9.061268	5.2208877	-8.281656	-4.155487	-9.712746	-4.833112	-0.535455	-3.171831	-1.8613565	-4.4101067	-4.1793337	-3.3430657	5.028472	1.1370506	1.051218
-202.61562	99.84584	-47.049778	-7.386235	-8.605972	14.837076	12.081711	5.093054	7.464282	7.838298	-7.3226376	-11.317997	1.257381	9.27014	-0.9425487	-6.42612	-8.630164	-6.554895	1.5124822	2.4313393	-3.322205	-3.056973	-2.4774096	-5.810483	-3.8665926	0.34031677	2.1920133	3.226328	2.1338773	-0.7551121	-0.8394989	0.6186923	-1.1465744	-3.025038	-0.8775351	-1.3082881	0.08175027	1.8881954	1.3106363	0.05332747	0.33004004	2.5098214	3.5304677	4.10842	1.8657653
-239.07878	134.3189	-101.36967	5.7156377	-24.806364	19.13313	17.696674	-0.5985654	6.161036	13.438482	0.7607262	-2.3374066	1.4361666	12.36694	-1.2523533	-1.4913726	-1.5465524	-1.9145116	5.418151	4.882056	-5.6126347	0.0629065	-3.8065875	-2.618458	1.3800249	0.14051032	-0.6125221	0.92089736	-1.9924768	-0.6370511	0.2793789	-0.041903615	-5.4001207	-7.684698	-6.022762	-7.4394875	-0.9587834	0.28848267	0.062586546	-8.215152	-9.078946	-8.81818	-4.5641174	-0.80896884	-0.67787576
-232.37158	136.48538	-102.845795	11.40041	-25.687725	19.50367	18.606827	-1.1705357	3.7280908	14.941622	-9.641731	-0.9920666	-4.7382755	17.925854	-1.9623281	-4.975075	-4.961844	-7.599301	6.2894897	4.902544	-1.3244247	1.2378323	-1.916435	0.13072218	-4.0080643	5.6343937	4.0707335	3.3904622	-4.3424473	0.189538	0.36545274	2.1351473	-8.67944	-4.7014675	-6.01536	-3.199987	-1.7932307	-1.3123945	-3.4895768	-2.6786098	-3.8711042	-4.715024	-6.1981006	-2.3343935	-0.17111874
-223.0295	132.67566	-98.502686	11.085487	-26.456919	21.841333	17.922426	-0.95919394	1.0573007	10.016542	-13.901511	-5.098039	-2.9694016	14.478489	-0.45301938	-8.226051	-2.8888788	-3.6744096	8.694065	5.7686524	-0.1689256	1.2301456	-2.0586338	-6.278183	-6.188363	-1.6452252	3.4589972	2.946989	-0.968105	-0.64613014	-2.151374	0.5165526	-10.019474	-5.866358	-6.7372766	-3.1298747	-1.5506058	-3.3268108	-3.905445	-6.6422243	-5.827665	-0.23668861	2.132093	-0.49538922	-2.5617518
-217.92024	121.89916	-101.072655	10.364426	-25.280563	19.94754	13.536394	-7.2909575	-2.0747075	10.028266	-12.094851	-9.266397	-9.488317	8.474288	-3.868856	-12.982529	-4.181467	-7.214036	4.2163334	-1.7738845	-6.6054926	-5.3781834	-2.5741491	-3.4394584	-6.073806	-1.9094648	2.1530004	2.988039	-0.71243805	-1.3985195	-4.7937922	-3.1575592	-7.3534555	0.11923902	-0.6402447	-2.1535177	-5.805877	-5.5735073	-1.7539918	-1.2757065	-1.9966705	0.3393154	-0.7530242	-2.7353368	-2.2739418
-215.02394	117.682144	-98.21349	11.437382	-23.640121	23.016878	18.218407	-5.420314	-1.0336308	8.3384495	-10.259599	-8.501537	-9.925344	4.3301706	-7.9302893	-12.71401	1.1894528	-0.7536271	4.254957	-2.5540762	-6.7900453	-3.1991906	-1.5703778	-7.622299	-14.191261	-9.692243	-2.0299807	3.5380187	4.5351496	4.1371017	-2.4513009	-4.196166	-6.8083706	-1.5050491	-2.3075376	-3.640268	-6.46722	-7.05697	-4.349107	-0.34741783	0.573521	3.1814337	-2.004155	-3.2867808	-1.3924689
-213.31418	119.1841	-104.08365	9.116707	-28.589375	19.954777	15.202854	-8.288153	-2.4641268	8.583839	-6.301003	-1.2697568	-7.058695	5.5907345	-7.4967413	-12.565522	-3.4975126	-8.301795	-2.2445707	-6.981204	-11.120621	-9.947262	-5.4802427	-4.5800214	-9.84642	-1.7414607	1.5892222	3.9467125	-0.58528507	1.7160487	0.13699037	0.35341442	-4.433061	-1.2661558	2.2400162	5.278775	2.3190808	-2.9823294	-4.720379	-1.9422033	-1.2627678	2.6697876	-4.1936464	-5.1124816	-3.3616087
-209.58128	117.55188	-96.59932	12.358951	-18.225765	24.515285	18.419275	-9.205614	1.6258142	12.116848	-0.56178313	4.349894	-2.8167229	2.740186	-9.7565	-11.350413	-1.2271004	-7.724416	-1.6578895	-0.37013602	-5.7907476	-3.3797731	0.90839684	3.1931584	-0.73132277	1.1499957	0.3069287	4.303584	0.16141766	-2.2426224	-5.9803715	-4.3203635	-5.4194117	-7.8772583	-1.8019629	0.76340896	-5.5545907	-0.31016076	-4.2903028	3.093728	-1.4582179	2.4983435	-5.685979	-6.137862	-4.1016088
-213.51929	123.90047	-84.86952	12.993372	-14.374925	21.219284	16.080633	-8.524628	1.1586695	11.201838	-5.0318427	-1.4517113	-5.5491	5.178223	-5.370702	-10.366056	1.5068003	-1.1285448	2.2228408	-3.0700862	-5.534343	-5.839794	1.1016256	-1.4804217	-5.0396886	-4.2713466	-1.099283	1.2246385	3.9039657	1.5901783	-2.8544755	-3.7441301	-6.0483546	0.22951221	4.112179	6.603196	2.4868436	-5.027039	-5.1695356	-3.4441557	1.9545033	5.80668	1.4522488	-1.9336414	-3.1344175
-172.37639	92.584045	-55.407143	-8.253449	-14.4325485	19.52377	15.347284	-5.7814426	5.9211216	5.2976403	-5.15987	-5.598816	3.3730347	11.865628	-1.9054105	-9.841411	-5.421821	-2.9723883	3.5717206	5.156497	-2.6415954	-4.6600475	-1.2709439	-2.322807	-2.1304824	2.1620266	2.3067722	0.6582718	1.0122937	1.4101155	1.9303863	1.0961825	-0.66755426	-1.277349	-1.1065562	-0.14799738	0.53927755	0.2504834	-0.017205834	-1.8882463	-0.08034539	2.22573	-0.113672316	0.3818667	2.2339547
-215.4342	121.3531	-105.66655	15.706091	-29.965107	26.635832	16.955751	0.14982235	2.0193164	16.227251	-9.517933	2.9441912	-2.6651597	12.130917	-3.729782	-13.607586	1.6811156	-1.1400633	7.3550506	5.489361	-7.419041	-6.9794827	-0.031045973	8.489086	-1.0562141	2.5636334	0.22934702	5.655052	0.6432564	-0.10908711	-6.826912	-1.7193899	-8.020716	-2.6651053	-1.9202087	0.6130177	-1.2800326	-3.0650918	-4.3560553	-3.7920027	-0.044667274	0.42174697	-5.10832	-1.5239987	-3.5977538
-215.06511	126.05283	-103.935715	18.767008	-25.551277	28.084442	17.356588	-6.0918417	-1.5693078	14.269869	-6.6364136	3.6420565	-2.2655065	12.351521	-1.8313601	-16.114428	-3.710164	-8.90753	5.924383	8.911502	-1.3272309	0.13188338	-1.3892727	-2.0044203	-6.4818983	4.469282	3.040705	4.088197	0.11294258	2.5160892	-1.8632237	-0.5954957	-9.924213	-10.453217	-6.837758	-0.711661	2.8789241	-0.94438124	-3.933092	-6.138297	-6.152294	0.8053909	0.54141784	1.2179152	-2.780402
-223.17363	122.96698	-106.75847	14.608302	-26.635471	24.23885	14.7581005	-12.843698	-7.1195555	7.4087243	-11.555653	0.69249356	-5.8390326	10.501123	-5.512568	-16.483585	-4.008345	-8.778738	2.6717908	3.9543328	-8.508306	-5.265337	-4.1944256	-3.8957698	-8.143295	-1.3846848	-1.3613181	1.0486987	1.9632221	1.3023164	-3.9498038	-4.0381227	-7.8951597	-4.4778695	-1.6949053	-1.9011607	-1.8455462	-1.8648891	-1.1324105	-2.7037883	-6.0163364	-3.5319993	-6.421267	-4.262538	-2.439096
-222.80548	129.41246	-88.0672	11.253482	-19.601927	19.623932	19.826174	-12.823323	1.2063615	13.877991	-5.7656336	1.9086018	-8.349736	9.329069	-4.1602793	-12.468063	2.242622	-6.4206867	6.883481	4.5435743	-6.573366	-2.3692713	2.6679583	-0.6762098	-6.296922	-2.5226052	-1.3127965	1.6852221	2.7743413	1.5392994	-2.871717	-5.5247483	-7.3773212	-1.0273597	2.4950728	-3.993697	-6.0647745	-4.4930143	-1.7841787	-4.041582	-2.9192603	0.4768351	-2.6430027	-1.786691	-2.0719588
-223.79791	122.50897	-85.420975	7.765867	-19.18973	18.609016	21.066105	-12.758075	0.681587	9.442318	-6.90723	4.1238117	-8.129309	8.419775	-7.5191336	-14.884993	2.4544568	-4.859268	5.3453875	1.4043213	-8.591467	-3.8539019	1.8431517	-1.0134203	0.15706836	3.1254427	2.6194165	2.7456808	2.6057394	-0.2359162	-1.5222225	-3.4898195	-9.575752	-5.729539	-2.0152566	-2.5392287	-0.084020495	-1.2071946	-0.6547273	0.9951772	-0.5408521	-2.134503	-3.583251	-2.5016825	-2.4741576
-230.69742	124.98979	-88.202515	9.146001	-21.100359	21.139395	23.453976	-9.996491	1.8002564	6.8577194	-8.475605	2.829398	-15.585389	4.7737446	-5.869995	-9.684186	6.1901946	-3.8055477	10.4950695	4.8018103	-11.864063	-8.206287	-0.5764518	-7.879245	-3.239052	-2.3415499	0.46467876	-1.322342	1.240789	-3.4832432	-1.1377844	-1.6932669	-3.4962354	-2.263569	-4.2767067	-2.8106406	-5.416786	-5.573312	-8.168351	-3.1873899	-3.467073	2.5461657	-4.2709017	-0.96958876	-3.36127
-230.2136	122.193756	-77.19429	-1.3652536	-26.325481	14.494194	19.863358	-22.231117	-2.402751	6.7214193	-6.623952	-1.6859437	-10.207729	9.131079	-4.476132	-14.081556	-2.5072236	-7.6876073	8.194392	8.444841	-7.6209884	-9.057547	-4.519496	-4.5285482	-0.03608191	3.1459022	1.5902971	2.1097236	-0.46698153	-3.8008115	-2.3435607	-0.4841466	-2.8032136	-1.2961199	-1.8045177	1.2369086	0.44910765	-2.5143967	-5.802754	-6.82153	-2.2173204	-0.30305326	-3.2597213	-2.5944943	0.5062239
-245.8758	128.69753	-91.40311	15.587936	-23.988962	28.60553	20.542511	-20.130596	1.2251341	13.069239	-1.5767149	16.817425	-4.9172263	16.994585	-10.327946	-13.465461	2.630388	-6.528723	9.206085	10.948996	-3.3233535	-3.2701955	0.07806015	-3.6512065	-4.6014524	6.040895	0.014238298	3.4486046	0.74117506	1.6906745	-6.1313066	1.5926564	-9.245841	-6.053957	-4.276828	0.55681443	-1.9831688	0.6491182	-3.598591	-6.578488	-6.6771092	-5.923521	-7.7478204	-7.58291	-3.204661
-251.27072	137.23276	-87.28412	13.216896	-31.369488	22.280722	19.118977	-18.441736	0.5939053	14.110519	2.7078605	14.096153	-13.623592	13.177561	-5.7798686	-7.1836805	0.2989545	-8.172203	5.7601204	9.021271	-1.4837172	-1.3124962	-2.5807943	-4.9471	-0.7812934	9.575602	-2.0800354	4.381776	-0.83535635	1.9758201	-8.374002	-6.4818897	-2.666945	1.1883708	-4.329237	-3.7693038	-3.9113069	-1.6848865	-6.8840437	-4.755083	-5.97651	-1.7504752	-4.135339	-3.2026918	-1.8512162
-271.2372	145.37433	-82.23778	17.088694	-30.220884	27.231401	23.534716	-18.49717	-2.5882123	9.712277	0.02248478	11.225262	-16.605663	9.612561	-4.722731	-7.3453064	1.9732299	-12.153679	3.6528945	8.193764	-3.419149	-4.181514	-3.9087684	-2.9636662	-0.49311182	5.9871316	-2.4261215	3.4753175	-7.5322123	-2.1716628	-7.940011	-3.8913455	-7.775082	-1.686564	-2.1409912	0.90875965	-3.0958138	-4.789341	-6.324563	-5.837577	-2.358245	-1.2015791	-1.4329698	0.4403842	-0.39623857
-296.18167	163.13754	-75.93843	17.58125	-36.994293	25.829113	23.595947	-14.434544	-2.3821707	13.655281	2.142268	14.621698	-15.2648325	8.538527	-0.20109582	-5.2870207	6.788336	-13.001127	1.6385909	5.8581233	-1.428102	-0.3409699	-1.4434011	-6.086109	-1.3000699	6.6343503	0.058978833	4.78206	-5.7469115	2.0036244	-0.121420115	3.1139975	-0.5131703	2.632403	3.1755385	5.032427	1.8105782	-2.6892347	-0.41222033	0.09511995	-0.4568876	-2.4326873	-3.7170005	2.0887911	0.6952677
-318.80875	157.14006	-43.58448	9.1305485	-27.59771	14.6392975	30.025711	-16.141727	3.6083324	11.891119	9.861609	17.045424	-9.511599	4.6404247	2.3131733	-1.8485318	9.788381	-7.4664235	-0.1779747	9.316083	4.430047	4.7170734	-1.9154043	-12.411617	-5.7401576	-0.25800428	0.5856273	5.873833	2.2568085	6.2493467	1.5920513	-4.8621764	-6.5804315	-0.7460003	4.5368223	-0.9189408	-7.0658484	-6.9179735	-1.6479993	-5.443137	-7.3105984	1.1976128	6.376831	1.5622032	-6.1015315
-412.30524	185.94034	-37.9487	33.477524	-26.4436	13.589468	30.440868	-9.030356	-0.9951298	5.8263817	7.46483	9.349525	-0.90223193	12.604025	-4.599553	-1.6266258	6.129295	3.0383875	0.56816685	6.3243284	-3.7400465	-4.6681376	3.4326928	-3.9222064	0.77796435	2.795034	2.9847937	3.6387274	-6.368802	1.0142909	-3.3845706	-0.5157947	5.1145144	4.9219913	2.3505626	-4.3521557	3.3603654	4.6822186	4.717457	-3.8397622	-9.145885	-5.0337877	2.4089055	7.6192274	4.412955
-470.90216	154.2655	-16.27647	47.033382	6.6103783	24.95684	34.745804	4.761734	-9.355058	-1.0254527	7.9978156	-16.202427	3.6328988	25.861713	-6.18797	4.0797005	7.9295616	1.9574974	8.384919	5.1114993	-10.025164	-1.7541646	7.8009186	-1.9964048	-1.1144592	-6.200334	1.5862944	3.1614318	8.52416	11.770369	7.1341844	-4.4312463	-4.580377	-1.5470963	1.8736656	-5.3856874	-4.509199	1.139173	-2.1200075	3.1357331	-2.0050452	0.28432518	-1.4263909	-1.7993068	-1.0606955
-478.53674	135.09137	-15.286469	48.2069	0.2705512	20.008652	35.518097	4.985847	-11.564687	-2.4462495	-3.1725228	-22.543789	-2.2845054	16.06409	-6.027306	4.289026	6.529403	-1.1726379	3.3454366	-5.2750444	-5.572525	0.7856144	-3.2755637	-5.791406	-2.286281	0.91990805	1.6075662	-3.6009467	2.6710029	4.1724305	4.971778	-0.413126	3.2573977	-1.5386428	-0.23731732	-6.502619	-2.3942502	-1.014358	-6.272704	-0.943936	-2.9172544	-0.66161776	-1.2708147	0.94984025	-0.5890324
-472.707	131.35855	-10.060339	41.08415	-2.987431	16.546171	31.40656	10.557636	-11.853302	-5.123248	0.05583346	-18.112452	0.9054345	11.283556	-14.904834	3.4629219	8.264236	-2.6666412	5.2235804	-6.7620983	-4.3722773	5.977989	-0.18181968	0.34725368	-2.6211028	-3.6919858	-5.218813	-6.388486	-3.3017044	2.2895203	7.5849333	3.7146835	8.6086	0.5600114	-0.1051811	-4.62099	-5.413727	-5.2365594	-8.390747	-5.834043	-1.3668597	0.62800634	0.95708835	3.4821317	5.0613737
-484.82657	145.1629	-21.748974	57.136185	-12.499869	12.693011	27.109522	4.214921	-0.2668708	-5.9128494	2.0462232	-8.074277	5.1141367	11.423435	-11.55122	7.6048503	5.648032	1.4517642	0.7975519	-6.2239285	-2.7805479	3.7093298	0.7492833	-0.773937	-3.4701715	-3.9480271	-6.0209885	-2.5173974	-4.6128263	0.061021566	5.167753	-1.2368898	2.8633373	-2.182139	0.17062175	-6.9198594	-2.313176	-3.1333795	-5.561985	-0.7956853	-3.7052855	3.1674786	0.26558304	0.41755867	2.0754707
-493.0863	124.04188	-8.319819	38.948734	-13.045578	19.851126	31.516338	11.453447	-4.043154	-1.8417513	-0.016183674	-22.363857	-1.8840164	1.5306425	-18.179832	2.0879695	2.5251498	4.2839155	12.616558	-7.324876	-4.1036086	0.26044774	-5.332284	-1.2415382	-8.748924	-9.97482	-6.79261	-7.332588	-3.3731987	0.3019079	7.82897	-3.061343	5.9301796	-1.5753672	1.1147557	-10.708082	-6.1298013	-5.4133053	-6.7821455	-4.2393312	-2.3514805	3.596363	0.604574	-1.1185155	-2.0672162
-516.0901	136.07501	-2.4912856	44.538475	-10.417748	25.201637	33.045593	5.4175496	-3.8405256	-1.2544801	-3.1393652	-21.613152	8.1243515	17.5851	-13.798986	7.334074	-6.420896	-8.567532	5.3366613	0.20387533	-6.482486	3.6642842	-3.0346303	-3.925344	-3.1731672	-8.593747	-8.492931	-8.59324	-5.8757353	7.78122	17.202282	8.2223835	1.4922882	-9.174257	-7.0252137	-6.7550926	-5.4837856	-6.414873	-2.2103229	-1.8657486	1.8789945	6.398955	-6.7469134	-6.55008	-0.5893639
-524.50104	136.94724	-8.785048	41.548424	2.1675856	16.055212	22.335154	14.592062	4.0929203	-2.8396854	-1.0239452	-13.794671	-0.15081108	8.52747	-12.060287	8.463114	-0.47897768	3.1084833	3.3258016	-15.080258	-4.0599003	4.3428364	-6.68279	-2.780024	-3.649282	-9.466017	1.7710028	-0.7078455	-2.6676028	8.681269	11.64642	-0.8082645	4.1871214	2.9763103	-1.6632911	-2.7144723	-4.5460296	-9.018042	4.1150455	4.198823	-1.1346409	-0.45435345	-6.405359	2.211985	5.8017774
-560.9352	140.73932	13.161286	32.14337	-4.719007	29.074528	25.838875	-4.0903645	1.2536758	8.9925995	1.2605317	-16.379108	1.4310297	3.0749714	-12.164532	10.600887	4.4357376	5.1604013	-0.8908274	-10.400134	-10.531388	-5.899844	-4.356452	-3.6317964	-4.7901673	-1.1422241	6.8896646	-9.090528	-4.5440993	6.4945135	-0.9041834	-2.1705067	5.176547	-3.9024029	0.52559257	-3.7557786	-11.656809	-4.9158344	3.999435	4.850722	-1.3156614	-2.4091947	-7.0193787	8.270238	9.994307
-585.60455	139.97812	13.853613	27.618746	3.5193264	26.465385	15.607227	1.7231503	8.446775	4.3458023	-2.5753193	-11.1273155	-6.7298117	0.9612176	-11.323425	9.819474	7.724158	2.1225688	0.40490246	-10.450323	-6.339615	-0.028836846	-0.08588189	-3.5957162	-2.2213316	-5.1958137	6.031008	-1.8822162	-0.9365237	2.3807411	-1.3696773	-2.6972256	7.0921845	0.6338508	3.1570182	-9.767538	-7.114156	3.3340235	2.7942648	6.2435107	2.1553094	-3.7745962	5.505461	8.782238	9.660043
-621.7547	131.69502	35.523827	28.39007	8.418841	31.834517	23.890987	20.19861	10.269484	11.653931	5.138551	-4.2810907	-8.6163645	4.81537	-2.1862793	-4.73032	-4.201976	2.0852842	-3.3917565	-8.865217	-9.227595	-16.033407	-9.849791	-0.9719329	5.533309	2.9328814	2.8070714	-2.1017137	5.5777245	4.9447937	3.624344	-8.222788	2.9821157	-6.4292207	-2.8759108	-7.1184964	-6.856144	2.9981658	1.1586702	-9.227612	-10.29468	6.5477114	17.285503	16.48602	11.166808
-635.69476	134.57042	46.99832	34.502495	19.075981	29.85049	10.849847	6.5572977	-1.9697009	3.3332005	4.5149693	7.835959	-3.0965576	-0.3554449	2.7580557	-2.5773373	-5.4275894	4.830753	-1.7042903	-10.800243	-2.3667274	-10.473885	-6.458411	2.8761988	8.92416	6.2955003	1.9601425	-2.830251	3.070386	-8.933174	0.7472142	-1.296669	-4.01272	-4.6411633	5.894623	6.557427	3.5143657	-2.4980388	-4.540144	2.1390345	9.167269	19.653019	9.758955	6.054338	5.842333
-646.5486	128.8257	52.4244	38.36916	15.954248	24.168911	12.289289	15.038534	8.420246	12.990026	-5.2792788	-0.36364058	3.3741357	2.0186718	0.27694252	-12.970835	-8.851168	2.9231205	-0.002620414	-4.1429625	-6.3604503	-8.5943775	-6.353283	-2.9264853	8.66663	-1.479418	-8.067493	-12.4539385	-2.1246827	-1.0354257	0.32858223	-8.467762	-8.816703	-0.90514076	3.3589525	2.7529442	6.9372206	4.986756	-5.6925893	-2.8618524	1.2528206	12.130288	4.6534595	2.6229665	-3.0654497
-673.2261	96.55354	45.77373	53.127964	39.49652	32.722694	19.567467	14.333591	3.9088578	8.796083	-1.9195733	1.568151	0.10219276	3.2862787	3.9953332	-5.2230706	-8.706788	1.7606587	3.8384953	5.43974	-3.3793206	-10.499319	-8.336877	-2.7390084	7.3157115	-6.0220537	-13.8207855	-9.352278	6.74977	4.2775836	3.6916788	0.17068219	-5.2654757	0.96482253	0.5598161	-1.875674	1.1221254	2.946493	4.1426234	3.5850868	-1.371214	5.6223917	1.3702235	2.4256802	-1.8767301
-691.663	75.88772	37.896828	48.132484	39.23667	35.39143	23.065765	17.246971	11.541652	15.134987	2.249318	1.9766647	5.177701	7.8434477	10.181474	6.0209036	-3.6994472	-3.8739119	-9.0931835	1.9699938	1.2047993	-0.6091733	-0.5280838	-4.4405403	4.378645	-2.9988012	-9.574089	-10.580463	1.4125774	-5.0813336	1.0356452	1.072581	1.2305456	1.8463147	-1.9833035	-3.6517975	-3.4819534	-0.87960374	0.89924484	2.3545208	1.4127195	6.702221	9.711433	8.985447	-1.5520434
-698.9868	71.291245	33.98018	43.026497	37.57647	30.740473	24.126495	18.67161	15.109556	16.670004	4.992502	-0.4038965	3.5800705	13.071301	9.997511	7.6305065	-0.7936228	-3.90792	-9.066766	-2.4447916	-4.9716644	-10.177656	-12.307416	-6.517935	5.094162	3.0855327	-6.7804713	-3.6023817	5.6601505	-1.8547716	6.746722	5.765625	1.7978418	0.24264061	-3.5307424	2.538631	-0.0975793	5.2014494	5.470101	2.6551738	-1.3837154	1.3667	5.5112944	3.4825988	-2.0128965