-336.58286	144.00462	-43.93309	-0.7022	-11.960234	-8.16633	-10.478769	0.1221157	5.6404824	17.797733	3.0560107	-14.933476	9.94854	9.172573	5.021842	-7.9985313	-27.01817	-13.674721	-12.179339	0.5721821	-0.83125836	-2.9634986	-2.7718606	-2.1536098	-3.3387473	-6.07801	-8.691884	4.6300282	14.639435	3.460847	1.1573454	1.302822	11.889788	9.981837	2.3269129	1.1342247	3.0771985	2.3919258	9.495116	3.0417495	2.7123175	-4.136509	-6.823661	-2.2439055	9.351654
-286.9189	156.49335	-64.572426	12.648635	-16.067278	-4.3482943	-2.4113445	0.10999215	10.925427	25.132717	4.9048324	-18.789377	0.040599585	-3.8135011	-2.728201	0.2545783	-3.2286012	6.944239	-3.2851636	-0.62865114	-5.1579323	-3.107799	3.1775231	-4.0044675	-1.8923502	-2.495212	-5.4585056	-4.856034	-0.05108905	-2.837483	3.9832015	-6.1473055	-5.58287	-3.2269585	-3.9990501	1.1292094	-5.562417	-3.5323296	-0.40146327	-1.9096955	-4.983521	-9.179838	-5.8749804	-1.5777884	11.4084
-241.79886	149.14249	-78.830414	3.6551795	-20.163212	1.5924037	-3.1137078	2.892313	15.43569	18.01933	11.574329	-11.811054	2.323669	-2.281943	-2.3835905	-3.4116092	-2.9018283	0.6889405	-3.4450254	-4.7585273	-8.699408	-5.955144	7.8768334	-3.1747308	2.9866078	-3.8842368	1.1505896	-2.4204483	1.579838	1.8878498	6.0367265	0.52429247	-6.571956	-5.2074947	-4.067382	0.35971847	-5.452859	-5.859207	-7.8984246	-6.368413	-6.6721582	-5.0464554	-2.405594	-3.3114324	-2.1737661
-249.33826	156.08429	-86.49781	1.6562674	-14.929566	2.5417738	7.0131993	0.16961122	0.8202183	9.557435	-3.6571355	-23.983253	7.505739	2.8057895	-0.11895305	-6.763039	-15.019087	-6.8161974	-12.834309	-3.6201787	-10.176258	-6.6420937	6.024699	-6.165855	-2.2511444	0.50742686	-5.695219	-3.2954125	-4.13536	-0.7655597	6.6797247	3.5605893	2.6961906	3.165969	3.1354427	-1.2201967	-9.791554	-5.525286	-0.63478893	0.2229693	-0.1626651	-1.004919	1.6714503	1.3455245	-3.0568178
-257.53766	156.29129	-102.68817	3.1388223	-18.60749	-0.24357104	6.8273153	-3.3000958	-0.2393719	10.430667	-2.3871481	-21.253666	6.977737	-3.780264	-3.8213887	-10.600273	-11.498703	-4.409379	-10.170551	-2.3520973	-15.207788	-8.166565	-2.648508	-8.447724	-7.7861285	-2.1978016	-0.6802558	0.26246762	-1.2725291	-8.949922	0.69454455	-1.9395595	-0.36278695	0.07885337	-1.41312	3.7791731	-1.9710336	0.46833456	-6.340313	-8.504861	-3.2537055	-3.1599455	2.0410395	0.9271758	-1.8965118
-259.5079	158.97961	-111.960464	5.787609	-17.045582	11.713829	12.167341	0.31166056	6.7519693	18.318813	4.911083	-11.240549	14.739205	-0.42610347	-1.2539203	-6.6883435	-4.1533475	6.4726295	1.4832264	5.1140504	-4.175474	-6.0215816	3.5561314	-6.753378	3.1485775	1.6283348	0.8064302	-3.4685931	0.81304336	-12.037594	0.42022133	-4.0549536	-1.0799402	-8.16765	-7.9846277	-6.0049777	-4.039465	4.972696	-3.7039113	-8.832376	-10.615906	-8.339559	-5.8004494	-3.1565003	-1.5372875
-242.39287	150.44998	-98.43256	8.458298	-9.137215	10.115466	14.285363	-3.2319715	1.9016297	18.039425	0.3480826	-10.576431	6.4047384	-0.81518304	-1.4796107	-7.6397166	-4.895715	2.422264	-8.30215	-4.9668903	-7.6397266	-4.863961	-5.194006	-9.424496	-0.8269764	4.4542785	4.1925335	1.4681635	-2.680695	-7.5548186	-2.2168722	-0.5948758	3.722211	2.253144	-4.759511	-1.7475089	-3.2868204	0.42899036	-0.68515587	-5.167675	-0.5248246	-6.346769	-7.499454	-4.170807	1.1004148
-242.69206	136.94275	-99.846214	12.365347	-4.740642	14.982506	10.927672	-7.044919	-5.4868555	10.224989	-5.1029687	-12.79077	8.996232	-0.24113818	-2.3840723	-10.582924	-8.13485	5.1842976	-0.82730675	2.0905528	-3.869182	-5.9812217	-1.3880957	-10.066693	-6.5016375	0.90348744	3.2432086	4.84902	1.2344947	-2.3993826	-0.41810378	-2.5256054	-1.0231217	-1.3205945	-2.3157506	0.47950602	-0.20902681	-2.5663114	-5.913294	-5.3982716	-1.2579836	-0.14445782	-0.9496428	0.56303465	5.370947
-248.10587	146.78833	-105.57208	27.139376	-14.139486	21.730114	8.996811	-2.111977	-0.07527805	12.022232	2.8937578	-13.455088	11.300597	-3.829205	-1.2829611	-5.2539787	-4.7199116	12.504536	1.2377855	5.367669	-5.6184072	-5.569132	2.0130365	-1.2114248	1.1518471	7.958504	2.8606548	-1.5800109	-6.98601	-5.124838	3.4229693	0.15606135	-1.708586	-3.5446672	-3.663597	-4.303857	-5.7004666	-3.216098	-2.1333342	-2.0652673	-4.5807667	2.2725823	0.0049698353	-1.8368814	-2.0453682
-226.41206	106.05654	-73.80116	-1.0530155	-9.69919	8.836349	6.0346537	-10.11985	-1.0800657	5.376157	-4.9170084	-12.484421	4.275587	4.5255632	-7.980414	-11.413967	-8.271111	3.541079	1.5686935	-1.5814154	-5.48938	-7.3522863	-0.9235286	-3.1919413	-1.7797097	2.8387475	3.0581145	0.7075834	-3.6595654	-3.118795	-0.7963695	-0.42337954	-2.4317594	-2.5766597	-0.35229534	1.2942533	-1.6161292	-6.167308	-6.310315	-4.8045826	-2.1942563	-0.819767	-1.4258318	-1.0010971	1.3057497
-238.60835	127.94991	-88.334015	7.519993	-5.6901813	14.209368	13.568462	-4.2769217	-2.2886143	17.646212	2.5794032	-11.824171	5.024597	-1.8051944	-0.8396981	-10.790688	-10.026631	3.5490804	-9.373001	-5.349431	-5.764746	-3.7930984	-0.24574304	-12.544847	-6.5475507	-0.053892612	-0.1740694	2.3911772	4.7393184	2.595327	-5.177018	-5.7341614	1.5426154	8.63178	5.452443	1.0423918	0.4170177	-6.819675	-8.853671	-5.345213	0.22832116	2.5753174	-2.7613406	-6.1358557	-0.8478085
-254.52719	146.03862	-109.44891	14.1577015	-19.639011	20.176304	3.4660861	-1.3028265	-5.9085474	12.226935	-1.4722235	-17.91642	8.284019	-11.655441	-2.9644582	-13.383759	-11.148283	4.6231	-4.3321667	6.5130286	-6.6473618	-7.1479917	3.5811622	-6.695903	-4.0850306	-3.416908	2.2805047	1.2382929	2.148162	-1.6893861	-5.1415944	-5.782318	-4.8204145	-4.5046487	-2.9247656	-1.9686991	-6.2827015	-3.7254233	-1.9205656	3.5713983	-1.3924854	0.91376376	-2.1275218	-0.84115314	-1.9534271
-257.66434	154.59906	-110.81067	22.951307	-21.783724	21.555202	6.473114	4.0982485	-5.072487	15.105148	4.414839	-8.5254	17.812973	-3.092525	5.6382957	-8.070136	-7.0107217	10.503578	-2.3843284	11.378693	-5.647008	-6.90488	4.24267	-1.3675255	3.8600044	0.7012557	5.0775805	-0.12858799	-1.0095222	-0.30826294	-3.207611	-5.1970997	-7.309563	-0.6819456	-0.6528864	-4.98169	-9.239882	-2.4514477	-3.3606987	-5.820491	-9.175804	-1.2886301	-2.219709	-4.1661115	-3.6152492
-232.8703	117.67259	-87.9402	1.7440253	-8.924711	10.381394	7.019368	-9.246071	-10.458072	3.5307858	-3.7563527	-15.280677	3.545444	-1.3149562	-4.2251496	-12.7954	-9.238039	5.9606733	-0.50426567	2.4938414	-7.052621	-11.942021	-1.5364442	-1.5490046	-0.8754153	1.3803544	-0.008105874	-2.3208015	-3.9559944	-4.151204	-2.5464435	-0.16937375	-1.0653057	-1.7754552	-0.53104043	-0.5992954	-2.6040165	-4.6071997	-5.315004	-4.0297165	-2.7089834	-1.0340145	-0.14515841	3.3183842	7.5850205
-233.72282	125.899994	-94.257324	12.201178	-4.9468055	15.713001	9.014708	-1.9708154	-5.189137	13.786417	4.479109	-12.522778	8.077745	-6.1627035	-4.1938963	-11.3123	-12.026679	5.3835077	-2.8979912	7.6621795	-0.44000745	-11.595242	-3.6253219	-3.8390236	0.15043867	1.7096784	1.3189292	1.3216286	0.99166536	-0.5223532	0.002696991	-0.8203075	-4.168795	-8.566868	-5.83744	-1.4942259	0.3886286	1.4044164	-1.81773	0.23279595	0.7376204	-0.73858833	-3.8194313	-2.1309834	1.2395215
-255.2356	137.2089	-109.1346	11.983944	-20.920158	19.326218	9.518274	5.503893	-5.257827	11.250143	4.335351	-14.952075	9.066369	-7.4510484	-9.1763115	-18.574697	-16.340687	8.846813	-3.9249916	-0.9418465	-9.894339	-11.758787	1.9896605	-0.33545625	-2.1657007	0.15113103	2.4576225	-2.2407398	-3.0969315	-6.7901525	-5.271782	-5.9212084	-4.181802	-5.350676	-3.334729	-4.4034657	-3.568111	-2.1340113	-0.93606216	0.3457234	2.1726635	-0.93823934	-3.1651292	-4.6740346	-1.1239319
-249.97385	151.19437	-109.57136	22.340292	-21.228083	25.763199	4.3142114	4.313695	-6.700639	12.220915	7.0205708	-11.38092	14.323654	-3.2874632	0.31170535	-9.605336	-7.5608473	8.126079	2.173486	7.345355	-3.389274	-9.975197	-0.45921296	1.847113	1.1453636	0.95360875	0.21191365	-3.4368825	0.15152895	-4.6545796	-2.673914	-3.244615	-3.67837	-3.09616	-0.57344127	-0.023768783	-3.758484	-5.9052935	-2.5440798	-0.9485725	-4.6955976	-4.7195473	-2.8436642	-2.7748625	-3.3937771
-231.30664	110.6838	-71.72562	-11.3926	-6.5045958	8.202875	5.031848	-4.282197	-5.29265	8.4341135	2.4955778	-10.333041	7.0375233	3.8267498	-5.0897746	-6.745185	-7.1304417	3.3678071	2.3127089	1.9674394	-2.6702313	-7.7177687	-0.6329112	-1.2750784	-2.1851635	1.6474667	0.53712416	-0.8895886	-0.47654417	-0.3074931	-2.288294	-3.4630084	-4.9202023	-4.9619837	-1.8172705	-1.2662015	-1.9481814	-4.802779	-9.121173	-9.2282715	-5.835843	-1.9439778	-1.5859795	-2.5092683	-2.0459404
-259.26852	142.0071	-101.38069	11.651806	-10.204275	18.38678	13.525231	-3.1614685	-3.5213885	11.788445	2.9248073	-15.885935	3.190947	1.4062669	-4.323061	-10.210775	-13.720316	-2.2619193	-7.663478	-6.4093137	-4.490223	-8.200024	0.08830106	3.3786829	-0.38973564	6.6929145	-0.014853343	0.26943922	-4.031234	-7.7485046	-5.7672963	-5.484729	-8.0740185	0.7469317	5.1388674	5.389354	3.2884474	1.5794075	-5.2042084	-6.2060223	-0.9736508	4.1896553	3.4316704	1.5155802	-2.6754103
-255.00456	143.91637	-95.47597	5.566016	-16.791943	13.067308	12.977601	-9.001347	-9.739126	10.822263	4.059518	-9.732241	2.6725445	-3.2214565	-6.955291	-11.442053	-7.950719	3.52703	1.6977051	0.19703412	-3.252339	-9.266263	-2.480987	-5.4943705	-8.711259	-1.2578741	-5.3350463	-0.85515594	0.7345182	-4.499815	-3.056621	-3.1688542	-2.1629024	-2.1839185	-2.511589	-2.8995094	-6.2694387	-4.515213	-4.645831	-0.37997723	-1.0254683	-3.516916	-4.723365	-3.1459641	0.32441473
-259.30643	150.41492	-99.12895	19.993958	-20.321663	22.877829	8.555776	-0.06796622	-4.0435114	14.779266	9.847918	-11.673935	6.3471956	-5.3198295	-2.7624984	-5.0335217	-6.0529633	11.089862	2.0606973	8.881475	1.1791179	-7.2168994	2.1738262	-8.062538	-1.7303234	1.8533864	-0.3788011	-1.2448308	-1.4800344	-0.6315943	-1.5347958	-0.8843019	-6.354112	-4.1630373	-5.864121	-2.2623503	-5.684203	-3.9011347	-5.192093	-2.3741066	0.4363764	2.1905146	-1.2774186	-6.1166644	-5.3447266
-229.40117	116.76662	-68.99064	0.6163225	-8.885208	14.615286	13.784647	-10.284279	-4.4469986	13.139666	2.7503695	-11.101119	5.2671766	-1.6814147	-5.3757443	-7.8428154	-11.101711	2.5712445	1.0086557	6.457316	-4.189188	-12.577449	-1.0517325	-6.2628274	-2.3312266	1.888971	-1.9634752	0.02965945	-1.2051054	-1.988945	-3.3231235	-1.0994351	0.30388427	-0.43388456	-0.19716287	-0.730337	-1.0694991	-2.952468	-4.013009	-2.0227995	-0.4743657	-1.4081603	-0.2369988	2.8367248	3.6343312
-272.28268	160.47945	-92.86095	16.744297	-26.655657	19.374454	15.780985	-4.8552246	-6.050576	15.859537	6.1635213	-8.118432	2.0708714	-4.4591827	5.926545	-4.69972	-3.6545534	-2.4747102	-11.269438	2.7452788	-5.457803	-10.157862	-0.7656224	-7.990819	0.81857514	2.6403108	-2.462267	0.9427763	-1.5241792	-0.29017025	-5.2792273	-4.0733852	3.8715284	4.292572	3.0444927	0.30263835	-3.3698697	-3.3481047	-7.007668	-5.811385	0.6682337	-0.62184465	-0.74090576	-5.442192	-3.2809367
-295.837	166.77045	-91.21181	15.2930565	-29.250076	13.361085	12.978611	-13.781562	-9.758507	10.908996	3.6352804	-6.9690337	-1.6379063	-8.465588	0.5732719	-10.017145	-4.9228134	-0.08451462	-6.7476087	8.07877	-0.62309015	-9.309483	2.7027264	-6.0680842	2.7890708	2.6825724	-3.0494192	2.421181	-4.7493367	-1.7563463	-4.8858933	-3.7032647	-0.03052926	1.9891841	0.6747978	-1.6581725	-4.967523	-4.2930946	0.85639167	-1.7829597	0.19355845	-2.9125304	1.3990955	4.5118465	3.1985397
-328.11743	178.10632	-68.104416	23.580418	-26.20287	10.026785	15.140619	-14.295182	-6.512963	10.713226	12.25639	5.601248	3.4223597	-7.5053453	0.35856962	-8.635902	-3.121753	1.7301639	-7.8109384	11.963887	0.54522896	-2.8130944	3.5398595	-8.826685	-3.494429	0.26832545	2.4452646	7.6389117	-1.01475	2.6258368	-6.641309	-7.291897	-2.3711061	9.973915	6.4296675	-5.951665	-8.509405	-0.16037211	8.453977	0.6391001	-11.108986	-4.590663	-3.1073108	-0.65943503	0.14735079
-392.6442	155.62808	-31.804047	14.350223	-9.731205	18.676527	5.9337683	-11.746711	-5.389177	13.5183	30.093884	15.500004	0.6670115	-8.62092	-17.159412	-9.615637	8.004029	2.3467174	-7.966523	11.028774	3.2105167	5.388859	8.868653	-1.8633173	-1.9526783	4.4346333	-4.4004865	-9.65719	-0.62978864	3.9485555	1.3338418	4.9166226	-2.1586294	-3.631905	4.6480265	0.9202951	1.3901926	0.32849264	0.23285705	-0.4453169	-6.0009875	-7.656581	-2.882561	0.5651833	4.4428306
-476.22363	158.07928	-26.177635	45.028214	28.86393	22.637568	29.660433	16.198103	-27.151619	-3.203907	2.8908143	-22.02823	7.2854424	12.246112	-9.876085	6.690321	-0.486274	9.181062	-5.55572	-0.59307384	-6.5707417	-7.109631	11.3923645	-8.292508	-4.973975	1.5882587	-0.22371015	3.4149952	-5.2039137	-4.367395	-1.3521523	4.5271425	7.797473	5.28642	1.7579358	1.280157	-3.8338358	-5.6724153	-10.677336	-3.3483016	-0.9457977	-1.3536336	-4.9185495	0.26302332	4.4694457
-473.3851	156.26869	-26.334278	46.644127	20.203506	24.962757	30.436493	14.103378	-30.50272	-7.3631363	2.7167292	-21.712402	7.7819715	4.7016735	-17.49939	3.2970905	3.335215	12.182928	-0.14898342	0.90565395	-8.811104	-6.1638517	10.341543	-11.496542	-3.335344	2.9260278	2.1236181	6.3159504	-6.437889	-5.283741	-4.6567745	-2.224751	0.97018665	-2.929793	1.2796426	5.688629	1.7797425	1.325747	-11.795921	-0.96297896	-2.0448973	-1.6224464	-1.1799575	3.6070971	1.5258863
-463.11868	146.8841	-34.80421	45.621468	4.834894	15.249301	13.920729	10.75252	-21.315674	-3.6942308	12.167633	-12.969599	9.9611635	1.3971019	-12.336406	5.882453	5.4552183	5.3598948	-3.267885	-2.3627532	-9.901648	-2.6107488	10.228556	-8.588336	1.9369967	-0.8315551	-3.9343147	2.9003546	-1.27228	4.045497	-0.044695616	-3.528266	0.3633027	-4.616975	3.3590443	1.4339263	-6.9789143	-5.4672937	-16.076166	-8.876425	-10.983956	-4.760863	-0.870751	3.3071656	2.6392608
-467.433	143.98703	-29.918571	40.53194	5.940633	22.615559	26.704758	9.9240465	-25.394154	-10.597864	-11.766778	-27.972664	10.846966	2.035959	-10.491365	-1.1580307	2.0862904	6.0333586	-7.320557	-1.2033942	-12.521408	-1.1481189	2.1133828	-15.693464	-4.6458073	-1.2010126	-7.3928328	1.5789983	-10.196104	-0.8333107	-0.14484274	-6.769333	2.4459245	-6.7993298	-3.8673654	-6.5294576	-4.746881	1.1403883	-2.2118406	1.0881896	-3.3185403	-5.779232	-4.0271506	0.58348584	-1.1572903
-477.25546	146.52408	-30.873955	48.321342	3.3411875	24.347988	28.418802	5.4935994	-21.915909	-6.4773707	-12.692431	-29.258656	3.4999828	1.4292492	-14.122339	3.6359315	4.485423	12.724247	-0.8585065	-0.23808205	-15.101797	-6.871968	-0.6373129	-18.662289	-0.44890678	2.2397308	-0.23573124	6.8720694	-9.061514	4.128134	-2.2235675	-7.4396167	1.0606	-5.1347284	-2.0683537	-3.987629	-0.035891533	1.0656538	0.5272492	4.313545	6.861305	2.7765653	-0.061145842	-6.6681056	-7.1948643
-475.41647	153.60278	-31.995157	45.21216	-4.3575153	15.382183	28.86621	7.1483927	-10.247637	6.7071214	-4.0563703	-16.3439	10.08383	4.0330486	-20.501095	-0.929878	1.5592391	9.278344	-6.301532	-5.956062	-15.846569	-1.3641243	1.3349708	-16.106335	-4.4112177	-5.1347413	-5.74733	8.958684	-5.9134107	6.9180136	2.5711095	-0.44912565	8.355973	-3.5528913	-0.8170464	-5.9838734	-8.814411	-8.0505295	-7.8245516	-0.31233382	-2.1348171	-2.023809	0.72220576	1.4643612	6.5822897
-497.679	148.75423	-21.097996	56.063408	5.9730396	25.682148	31.41005	5.042346	-11.321409	-2.4394283	-14.926266	-21.148571	4.872629	2.5833902	-17.139784	1.1887059	7.0467405	18.255058	1.3614868	-6.491992	-14.606571	-5.9583373	-5.0593	-12.483709	2.5150566	-3.1539702	-2.6733613	-0.08038998	-7.0259438	4.82956	1.5188628	-6.7586527	1.2118756	-6.383234	-5.858192	-2.3142934	-0.22751497	2.3448975	-3.0812197	0.6886947	-6.5322375	-7.996567	-3.986116	2.4386275	14.962086
-480.95807	146.80481	-29.13776	56.333908	3.7951827	26.897335	24.808914	5.003745	-8.73837	-4.069878	-11.011063	-22.94295	6.9500866	1.1257478	-7.6087313	6.252775	7.6003323	13.95012	-3.4564903	-8.720712	-14.664846	-6.632784	-4.9958825	-14.186739	6.377006	-7.5665393	4.0542927	-2.8844867	-7.1532307	-2.8949947	-5.555902	-8.663319	1.8377177	-6.2896957	-4.510564	-3.0362525	-0.49957234	3.4436789	-5.8051887	-6.834159	-9.238619	-1.6016763	6.115432	10.157915	16.194796
-490.02115	145.66827	-23.067793	52.435066	0.31660047	26.571318	24.123774	6.7772765	-3.9762082	-7.6352463	-11.109663	-23.688848	6.4568567	4.2949347	-9.627702	4.5212793	2.9873939	12.155654	-5.1090155	-13.056452	-13.692995	-3.143884	-4.084394	-14.537836	0.37769294	-6.173269	4.1030607	-2.5061767	-8.512459	2.3864365	-3.8425386	-12.029263	3.500253	-4.8885565	-2.4716225	-5.753399	-0.83468944	3.6770024	-5.878953	-4.3479776	-7.758996	1.650383	8.747162	9.515175	15.605335
-480.43005	141.62834	-32.86306	50.64413	-3.9975626	32.26303	23.579353	6.5907106	-3.8742597	-13.30585	-7.3367133	-20.979809	12.522991	3.3369384	-10.660075	4.8697658	2.9506102	14.484366	1.7089609	-6.991317	-10.63612	-4.144861	-12.621025	-18.261135	-7.240899	-6.143519	4.5270796	2.30053	-8.775011	2.211743	-11.718332	-15.1200485	1.1020213	-5.5616274	-0.7136093	-3.1153998	1.4282719	-0.31371272	-9.051241	-0.98289263	3.0250645	14.670398	12.15386	8.35718	2.948899
-479.49393	143.19904	-21.206646	47.98603	-8.550798	29.962662	18.297981	7.738322	-2.6529412	-6.2503	-1.170463	-12.455392	10.426788	2.363317	-8.571901	2.7253132	-2.8618195	6.5431004	-2.083315	-9.547644	-9.226711	-1.6979544	-2.611627	-8.523485	7.4045987	-0.27581716	5.4159894	-1.6108329	-13.667378	3.4427857	-12.9659395	-8.735973	0.11381813	1.5913379	5.1194687	1.5919459	-4.353479	-3.4485977	-2.7799602	5.1420546	8.787223	14.731685	6.997837	0.6102458	-0.9750829
-487.70505	137.62115	-22.617794	41.401855	-9.107087	32.407364	20.593296	5.4147325	3.7508593	-2.2692711	-3.8606322	-17.617252	8.629253	3.8364453	-8.226399	6.2793484	5.670985	9.5553665	-7.136155	-11.996698	-5.7069902	0.45546582	2.0156348	-8.552807	-1.6642506	-3.5835361	3.5064778	-4.0043006	-14.108111	0.2598225	-12.462237	-6.690501	5.9789333	-3.2123861	5.1409807	0.5270962	-1.8613591	3.2828665	6.479735	13.136808	9.330054	11.259143	3.5338151	3.6039515	-0.7273881
-526.9629	124.430466	-13.783955	48.443356	0.75251335	28.47224	17.426327	9.096745	6.100533	-5.528915	-14.091146	-21.220932	7.121672	0.7783983	-9.55144	-0.5903754	4.544175	14.525587	-0.7182833	-7.4468546	-2.939586	2.4221103	-1.1352466	-4.782352	-4.5112314	-5.6773653	0.9357408	0.013207972	-3.6985307	8.427841	-5.4281607	-1.6199949	6.4881964	-5.4272494	-0.27498007	-7.170664	2.044965	17.925657	22.684464	22.50988	5.6796637	-4.321733	-6.496459	-0.7788284	7.0001154
-553.6211	134.53983	-4.1844807	39.639084	13.683281	35.081833	24.05234	19.136559	0.9905283	-6.051504	-15.549391	-18.565857	9.052948	2.6105227	-10.381043	-4.292906	3.8639207	6.6596713	-0.9255709	-9.424786	1.5930053	-0.33811963	-3.8300166	-4.282666	-4.090167	-0.9938408	6.2857294	5.371708	-3.731865	3.380115	-7.550759	-2.2267506	1.1789795	-11.523054	-3.7392383	0.045526505	12.844305	21.062145	18.975357	3.2879496	-4.6856613	-4.668175	-1.4779128	-1.0931064	1.772872
-566.5498	125.49206	8.249331	29.368921	8.294666	28.182495	17.815327	12.023034	-0.7801589	-7.1607018	-9.859367	-5.327538	6.14847	-3.2982543	-13.340193	-5.569875	4.8118362	13.883665	4.3838983	-4.8578186	-0.33161128	-4.9524555	-2.5144343	-0.21363068	-3.7388823	-3.5221682	2.9005551	0.7189308	-2.9603443	1.0487788	-1.0582353	9.324313	4.1473346	-5.7172885	1.0097723	14.092913	19.55481	16.924332	10.999814	2.641842	-0.78396004	-2.948903	1.0530248	6.01419	4.7675934
-582.45056	137.74265	15.141682	25.540966	14.072605	33.63955	17.163626	11.32592	-8.75748	-3.6723394	-15.0281105	-10.930376	6.481529	0.9554722	-4.0305653	1.044571	7.0560436	14.6189785	-3.213583	-15.257092	-11.251144	-10.428291	-7.535586	3.685977	3.9058557	1.5394428	3.4774387	0.3124408	-1.7813997	7.609271	-0.7535387	6.0066843	0.9687917	-0.99269646	5.5049253	7.634439	9.547968	4.4280043	2.3923979	-0.8390039	-7.3450646	-1.8326807	-1.1326243	7.332113	9.241949
-615.1375	124.40937	29.653515	34.406387	16.282253	32.885975	16.889084	14.170168	-1.766902	-5.4324474	-20.217955	-15.491943	13.934414	5.087423	-0.877939	5.0231643	4.3932495	6.3530636	-11.270818	-17.509352	-11.04787	2.1882904	2.727608	4.621542	2.4773455	-7.930155	3.977678	5.757218	8.581669	14.683572	4.8526077	-2.1857464	-0.08299497	5.852984	6.9946632	1.5415155	-5.464728	-3.3348455	1.8529754	3.7468708	-8.011612	-12.136433	-14.03013	1.9573886	7.8665333
-670.9357	103.738976	42.89911	35.133945	6.909548	8.536595	5.248427	7.2444873	2.0618036	12.090303	8.5708685	-2.4527688	1.1948637	3.726517	8.23519	8.879814	1.9524609	6.5180664	0.58470464	-1.8168178	-2.2635162	7.0439644	11.545868	5.315673	-1.0960763	-6.216621	11.691513	10.652296	10.430879	10.096262	3.181283	-1.2238653	1.0799978	12.217744	15.249096	4.7686157	-10.222663	-12.160099	-4.45675	11.079227	2.2719705	-11.573727	-5.603647	-1.9380498	1.8118341
-687.6264	86.034	44.57927	35.514313	17.881134	24.472507	11.87092	17.1927	15.77799	20.348715	5.0195494	4.122988	-11.430849	-2.21456	1.932641	0.8497947	4.9918766	-3.1820073	-3.9335108	2.8602886	14.223917	17.41998	7.991678	-3.2014022	-2.1563046	1.0016382	9.53523	8.522799	4.006716	-5.9013944	1.0344125	5.84114	-1.1971985	4.046405	8.255758	3.3085084	-0.6251733	2.3630588	-0.8146823	1.1817807	-4.7082715	-5.3682976	0.13053608	-3.8523932	-4.473764