-484.26715	70.48607	17.603954	3.6522331	-7.2912445	17.222767	-15.948248	7.952898	5.255087	19.075573	8.440409	-5.318655	12.253009	9.630064	7.025078	-2.775712	-10.074957	10.260538	10.089045	2.7509015	8.762262	3.787118	-0.21993273	2.24798	-7.689252	3.7931318	5.6606445	-8.421343	-10.16502	-4.0133486	-5.6439323	-10.877243	1.3689523	-5.3567305	-6.900541	2.13892	5.103596	-5.0192533	-11.122204	-7.8487687	3.6452594	5.2434664	-0.987636	-3.620895	-3.393085
-411.47263	137.46268	-17.533278	-5.7478547	-13.836109	30.66103	-5.8001127	8.163259	8.028031	16.648575	0.30862826	-21.233913	14.465223	-8.730458	-3.575989	-12.846327	-13.74082	0.2929589	3.1225414	-14.637225	1.7841884	0.62438124	-18.573538	-1.7299192	-6.85954	-2.6666934	-6.7420945	-1.8318297	0.4955854	1.5248715	4.6122885	-1.6795123	-0.16313142	-4.457437	-2.3461237	-8.1488695	-5.0631514	-4.1288457	-10.761574	-3.9427726	2.5293107	3.3938882	-1.3507679	1.7100804	1.5847232
-373.22018	143.92368	-39.434322	5.1845913	-12.974135	33.9055	-11.481243	11.587258	16.47882	18.251823	-3.764229	-18.337776	18.370453	-8.856028	-0.6860305	-13.340006	-11.256924	-1.7165844	1.9728751	-5.8883123	-0.85208464	-2.3986633	-9.28979	3.476509	-0.3844626	7.6835375	-2.336759	-1.2570779	1.3299047	2.8585174	1.3513404	0.26404285	-0.7233716	-0.7841382	1.6385095	-3.8641992	-1.8587946	-3.8178885	-9.2469845	-3.9642696	-5.3886867	-3.654745	-1.9121652	5.7496905	14.727127
-335.24054	146.39778	-53.80797	-1.8411646	-22.29581	32.462975	-13.813194	8.106127	7.6546926	18.118095	8.289017	-12.927912	20.32874	-10.43207	2.0290487	-8.485525	-9.102703	9.174596	1.4125645	-0.034307677	-0.17461252	0.5799708	-4.558865	0.98107576	-0.08661124	8.471942	-0.05275476	-10.968321	1.2001107	-4.3386517	-5.6703577	-4.1119947	-2.2670026	-7.594985	-7.1115265	-7.062011	-6.7625837	-3.9334197	-6.868593	-4.592103	-8.615248	1.7085266	0.19615245	4.8403945	7.2307267
-344.97665	150.7583	-47.37599	16.427967	-22.085773	42.63903	-9.420877	13.108097	6.9035263	17.047976	6.750827	-25.745382	17.333105	-14.055437	2.1701455	-19.94207	-10.415731	10.331581	0.22230363	-3.6786425	-4.7243137	-8.966599	-5.254795	2.577392	3.926117	3.051976	-0.83960074	-4.345859	-0.17307985	-2.8022628	1.6540697	-1.3080955	-1.3055809	-4.073874	-5.581173	-1.9515381	-0.3743838	1.3284266	-3.3236308	1.6753321	-1.38807	1.8405106	-0.08689614	0.613282	1.1510774
-322.11923	153.22012	-65.47707	0.6245592	-20.759214	36.192467	-10.048595	9.702511	-2.2629	8.995262	4.0840344	-24.744833	14.361507	-15.54421	0.4608244	-13.943718	-7.9450607	9.148546	0.94508576	-0.222745	-5.359521	-7.198514	-4.8302536	-0.6457742	-1.3477583	5.0461974	1.9307554	-0.6833234	0.20400235	-5.3331823	3.831961	-0.26944256	-2.6932075	-4.157263	-2.9585829	-1.1624144	-1.8672391	1.2038965	0.86649275	2.7568135	-0.29872298	-1.4037218	2.2967548	3.5324414	-0.060820818
-318.09415	162.66028	-69.54683	-2.935287	-13.855581	37.633636	-6.691078	12.79462	-0.6250393	10.128523	6.972577	-18.384125	22.254726	-13.82819	-2.0105152	-9.541346	-7.2405806	6.7166224	3.94476	1.0080498	-2.3806639	-3.5402226	-1.8568549	-1.235276	1.7665839	3.917921	3.1763313	-0.16098928	-2.4568172	-6.1894703	-2.748732	-3.7330809	-5.1845393	-4.254395	-2.0328774	-3.075615	-4.871082	-3.6504786	-3.4183168	-0.0083530545	0.8746979	-2.7531867	-2.5503893	-2.733819	-5.2411823
-314.2927	163.41284	-74.16812	-3.3352902	-5.608305	32.473083	-5.9141464	10.021927	-4.2438293	10.175434	6.342748	-16.503365	23.578423	-5.5649977	-4.403942	-4.1861763	-6.4755163	3.8987	8.542003	4.737987	-5.8049054	-5.3296204	-4.5421124	3.6505742	3.193275	2.727806	7.3803034	-3.0507305	-0.2519102	-4.0026045	-5.77505	2.0681143	-3.6432514	-7.7788386	0.0513618	-4.3641768	-1.8883156	-1.2582059	-8.474125	-9.803585	-7.3235674	-5.710994	-3.7426424	0.2516613	-1.6905334
-296.98135	139.84082	-64.10614	-6.6716976	-0.8178717	17.815048	2.0504732	-10.911621	-4.086768	3.140422	1.4080445	-8.570634	6.106935	-0.9879247	-12.37393	-6.85436	-5.706528	4.1900625	4.093318	-0.6349955	-6.766176	-5.665291	-0.8675457	-3.2707713	-0.89522386	-0.16047072	2.3435826	4.730446	2.6901886	-1.5387666	-2.5835986	-4.014084	-5.3169518	-0.3550713	1.7718141	1.5581887	-2.5572503	-4.3837824	-6.9866085	-5.6106853	-0.668484	-2.3485088	0.43944943	-0.047349572	-0.30662376
-301.01578	160.94708	-83.05681	6.721524	-3.8380737	25.419601	5.3762493	-2.7476509	-5.6068354	4.320743	4.3136387	-10.191975	8.258251	-6.287645	-3.1579046	-2.6125398	-4.6288614	-0.6065563	3.4449735	-3.614975	-4.1638117	-0.98583895	-3.277388	-11.353304	-2.0355685	-4.3654666	1.3315005	5.323031	3.3988805	4.236891	-2.8290625	-9.8845005	-9.137617	-1.8245702	5.152415	2.4349992	0.07225475	-4.417287	-8.159131	-12.559324	-2.8126087	-2.5407424	7.955936	-0.85380137	-1.8889041
-296.30865	163.90909	-92.45105	4.8131933	-10.395117	32.20471	7.27709	-2.1232777	-2.8131652	10.29789	5.251216	-13.068775	16.229221	-1.8296679	-4.0431323	-5.863144	-5.121621	-3.7802012	1.6208142	-2.9542327	-3.8786573	-1.990388	-4.924783	-12.324753	-3.955294	-2.115591	-1.0757668	3.0241027	4.8238635	5.400689	-0.299461	-0.8767563	-7.3127546	0.58630705	0.62828124	3.547361	1.4295511	2.006062	-5.497779	-10.424166	-6.922556	-1.5574102	-0.6644056	-1.7380028	-2.4760132
-287.73245	159.6921	-86.58975	2.8034177	-13.247059	29.044344	9.380663	-4.0721564	-3.4356172	10.766616	3.4207885	-13.997989	12.415053	-3.3922744	-9.410113	-6.597263	-6.1951876	2.294841	3.0735478	-5.337658	-7.8560085	-4.4830837	1.2325594	-2.3330057	2.9650009	2.5937254	-3.7791333	5.4599924	2.5169113	0.6939546	-7.9387455	-3.3167906	-5.826516	-2.489523	-1.1866504	1.7866869	2.3021016	-3.1471312	-7.372253	-4.2156563	-0.64368105	-1.1738728	-0.23294568	-0.73868597	0.61743015
-291.1149	153.26587	-98.88527	11.278595	-19.639736	19.556828	1.363376	-8.762787	0.19643342	11.1073475	5.401903	-21.32395	10.665166	-7.0564904	-6.895482	-8.529739	-13.662516	1.3682272	2.7665248	0.1757369	-8.938042	-10.934212	-7.9124374	-10.565627	-2.4017186	0.72020495	-1.6117325	1.6581892	-5.6755304	-0.5164125	-0.98302925	3.8074949	-4.8850703	-1.4149376	-4.724648	-3.1467805	-3.181477	-1.910963	-7.3853493	-7.284418	-4.071928	-1.9942205	0.5977952	-2.6754327	-6.6237345
-279.91602	152.04666	-93.12831	14.202265	-14.090836	28.335808	15.368593	-4.3379354	-4.5010195	3.9053135	2.0900354	-12.16304	20.990479	-3.9164333	-5.519822	-4.100132	-5.5116673	9.625655	7.5860777	1.8690101	-3.7758937	-7.1925993	0.3053488	-3.8820739	3.44384	3.9557033	0.25891578	2.7823153	0.74477977	0.6063257	-1.4486152	-0.612654	-3.7444987	1.6061857	-2.428834	-5.9527087	-7.067092	-3.0844824	-4.3999143	-0.77958715	-5.9197254	-4.910137	-6.479495	2.4007194	0.11816841
-285.4911	153.43268	-103.215195	15.149198	-18.8395	29.565502	13.7303295	-3.1263986	0.05632162	14.571757	7.321889	-15.377489	18.341095	-4.0699143	-3.9799647	-5.113107	-9.148584	4.868742	4.574226	6.5407963	0.7414208	-6.5173597	-2.33215	-1.2988398	3.5974917	6.8890285	2.7819977	7.7476583	-0.53756744	0.17500663	-2.6459305	0.36476064	-8.223326	-3.2008173	-9.787233	-5.4849253	-1.95266	-2.5717115	-5.391281	-3.4146736	-8.965315	0.70147586	-1.8145947	3.3638973	-0.90877855
-278.50006	125.28944	-68.277725	-6.933801	-6.5402136	14.753418	9.959805	-5.954009	-2.6518528	12.328157	1.2676702	-12.644468	12.976387	3.2833424	-6.428876	-5.3104324	-10.984741	6.9691687	6.2094216	0.3583877	-7.825736	-5.1963186	1.9451488	-2.1371207	2.0953014	-0.6291313	1.1904063	6.413478	2.7837121	2.8249843	-3.2760448	-3.0972505	-7.1383543	-6.066248	-1.1452433	-3.0792565	-0.7879219	-5.2447205	-12.18231	-10.750416	-7.969386	-5.801503	-4.807624	-3.115127	-4.4527497
-268.9401	120.308174	-75.84088	7.0496097	-1.6568506	18.984133	22.791971	-2.3561935	5.35836	4.9955206	3.4237137	-4.926796	2.1228292	0.94872457	-6.3356514	-4.359066	-12.023926	2.2187867	1.8447032	-0.61288804	-8.673382	-8.638777	-4.149722	-6.2092423	1.2015669	-2.6305878	1.9896429	2.875382	1.472566	1.6787035	-4.706058	-1.2988456	-6.803503	-2.5872116	1.8430259	1.1539881	6.6210966	-1.7622626	-5.9231544	-8.523812	-4.6919107	3.2177215	3.8558106	4.2978764	-1.9333358
-290.7156	144.61743	-89.329926	4.3209543	-15.487574	31.467892	18.866625	-0.83790874	0.574191	14.463024	5.8901267	-15.643394	8.813294	-8.320173	-6.882001	-3.8840632	-15.339037	1.0502211	-3.2480917	-2.046758	-6.1284113	-6.5980873	0.42581034	-0.147398	0.5197313	-0.5964939	0.25518215	0.65324235	3.3090787	1.2948372	-4.5123186	-2.9232554	-10.377096	1.5751761	2.804265	2.6649427	4.9120073	-0.6701124	-5.899973	-5.913551	-1.4268253	0.45728517	1.6699054	1.033851	-7.203809
-291.28824	140.28583	-91.7135	9.952919	-15.484128	34.736164	19.166733	-3.496972	0.6053138	15.508078	9.292652	-15.863004	8.281063	-8.188194	-8.577723	-4.901144	-18.501255	8.793905	4.3636723	2.9813287	-3.819719	-10.292469	0.80264664	-4.009561	0.47441244	2.7574081	4.372586	0.11128259	-0.45197582	-2.244226	-0.7772597	1.4468349	-9.059318	-5.0898113	-4.720152	-3.7362683	0.8927927	-1.7607207	-3.975405	-2.9463909	3.1938007	4.0092964	-0.90308154	-5.3709307	-5.987464
-285.05035	139.55304	-95.76921	16.561632	-22.370792	29.656418	11.827343	-9.402111	-3.749092	13.340946	14.385326	-10.233435	9.831436	-8.946104	-8.223032	-2.255474	-14.951124	9.728659	-0.58300155	-2.0265408	-5.3758535	-13.877317	0.7370833	-1.1589328	-1.7288061	2.6760626	-1.1756114	5.4454308	5.4748425	4.107736	-3.6112099	-3.7564816	-4.8523855	4.8375125	5.6527386	-3.4680438	-1.932845	-1.7103117	0.8012965	-0.008831143	2.4861836	2.816733	-1.9800222	-4.256629	-5.5398617
-287.54672	137.73212	-98.84541	19.529205	-22.349697	32.623474	12.65905	-8.644594	-3.2381954	15.208296	13.995628	-10.267555	11.410248	-7.8927984	-11.761349	-7.180276	-20.543581	9.196499	4.008638	2.8200197	-5.326932	-17.103611	0.040673137	1.7947949	8.793867	11.689882	2.043593	1.3446009	-3.7632189	-6.2268906	-7.9400196	-4.635411	-5.5064535	-1.1478678	-2.5193682	-10.898666	-4.2150087	-5.522992	-2.322269	-1.1198947	3.368326	2.0365825	-3.9140499	-3.8906837	-4.1673994
-274.58737	139.77295	-101.21886	17.23272	-30.002361	37.27014	17.369595	-4.39857	-2.5960045	16.028097	11.766943	-9.99745	7.1110997	-4.588416	-7.47771	2.6832962	-10.155731	9.313534	3.7794466	4.961567	-2.1236677	-12.453396	4.1180983	2.8631353	-1.1622916	1.3900529	4.0669184	8.84494	2.4272301	-3.3744013	-2.9292405	-1.9772902	-4.7572236	-1.4327111	-3.6423945	-7.088895	-4.964217	-7.3195877	-8.780172	-2.5854905	4.358091	0.14362001	-3.8186207	-5.4001303	-3.5732765
-249.29047	103.19212	-56.359943	-6.103305	-9.292129	26.28674	18.675335	-10.450884	-2.5217462	15.189518	1.3427885	-4.6579823	6.2638645	-1.9311228	-5.4672527	-7.8373857	-11.372311	2.5743775	7.7124996	4.746994	-6.2203913	-11.851343	-4.1444154	-0.8999188	3.417108	5.05369	0.19343185	2.0318363	1.7934449	-0.59576225	0.29836822	1.2752928	1.5100503	1.9744279	0.6737194	-1.1679597	0.02540201	-0.36235675	-3.753891	-1.8145523	0.7523289	0.8478453	1.488795	3.1394258	6.1803823
-295.57895	147.28961	-80.417725	10.4439945	-31.673103	23.696287	18.229061	-9.77384	-6.7753286	4.711553	5.031367	-15.613483	3.7045827	-8.245279	-1.7185018	-0.022203207	-8.377095	5.697117	-1.299011	7.058458	-0.49504876	-9.1232395	-0.5152261	-8.777422	0.4933415	0.5418006	-4.5169764	1.2384853	0.5616071	-1.2864944	-9.464984	-6.288164	-4.4523067	2.515794	-0.73627377	-3.777216	-4.883068	-7.7694445	-9.951518	-8.484993	-0.27879477	4.6457934	3.3821864	-1.0413375	-1.3462983
-294.13144	153.1711	-77.95677	7.0470753	-29.88647	24.192081	19.452534	-6.1332846	-1.8451997	14.612183	13.620522	-6.6557894	3.339551	-12.748231	-0.91172266	-3.2252421	-17.364708	-2.273502	-11.415386	5.2537756	-3.1388235	-12.316895	1.9454169	-1.8968396	7.3938174	4.676829	-3.1768842	3.3958967	-2.2709675	-7.100541	-8.515146	-1.6582091	-0.9237598	4.121689	4.4843116	3.5384936	0.413531	-0.43376732	-0.90735745	-3.824104	1.2811179	-3.468031	-6.879406	-7.025984	-1.1127411
-339.90283	171.81888	-80.138214	14.36787	-36.715725	13.206773	12.940239	-15.980709	-1.9744952	14.358714	8.923383	-10.632907	2.269802	-13.879454	4.335312	-5.950878	-13.467571	-0.42723942	-10.917726	10.450792	2.1264443	-7.546659	-0.023162961	-15.063201	-1.6586695	-0.19894135	0.60831714	9.848722	0.7927975	-2.7187765	-7.1376743	-1.4763894	-0.14362669	2.7047827	-2.2009962	-6.3041067	-3.4903865	-4.7675657	-4.101161	-3.597519	-1.1850737	-3.2674022	-6.0391192	3.6313133	1.4055613
-361.33633	177.18417	-69.95741	19.275063	-41.935387	15.867626	21.398079	-7.8138647	-2.2845368	14.301866	14.726984	-7.2231646	1.3804162	-23.804197	-0.35718164	-8.377401	-10.376411	0.40352988	-14.5743065	10.409063	-0.2827409	-7.8825274	0.9457426	-8.977907	6.061956	6.8392897	1.873199	7.106085	0.33797526	-0.37752366	1.3361824	-0.9371997	1.226837	-1.2227947	-4.5829515	-13.433001	-6.9388485	0.9013121	5.8621335	5.094458	3.2510967	2.4000487	-4.3447213	-1.7571974	-1.7161772
-454.78647	156.5232	-29.076902	45.74543	0.7912394	18.899845	16.319525	-1.9141539	-16.560255	-2.5059116	4.772875	-23.883678	2.3138309	2.5212066	5.8683896	13.120767	2.1200247	3.6023543	-25.885471	-11.860168	-9.70377	-2.5193791	19.433878	-4.3593497	1.5268253	6.874122	8.418621	2.8936496	-9.776834	-11.510304	-1.1031306	-1.0838419	6.636445	7.2360983	3.8306687	-3.907896	-6.8923235	-9.504562	-6.0938416	-0.79728246	-0.72315586	-2.3304625	-8.395954	6.2881985	7.8098764
-468.67865	129.62694	-17.47105	38.41118	16.160267	16.809544	16.820332	7.2687316	-23.233364	4.2172527	8.983805	-17.496738	12.203199	0.7030747	-17.81995	-4.3278093	-2.0420806	5.60166	2.7983036	7.0253124	1.2429688	2.4016418	7.7096114	-7.7272854	-0.8713274	-0.51041996	-1.779753	4.7871876	-2.0635495	0.7314553	-0.31408513	-4.2363744	-0.46020305	-2.0214272	1.4373585	2.3240838	-2.815134	-4.120805	-8.715427	-10.378944	-6.5415287	-5.4172554	-6.8448076	5.015485	7.3443575
-492.0498	143.94293	-21.268791	47.01052	18.929516	23.973438	24.429234	10.714094	-22.24868	-3.0032492	5.041257	-29.531792	8.765327	7.5997844	-12.470152	2.1963077	-1.7796888	7.140629	1.12683	-0.4600887	-8.090297	-7.665517	4.70794	-15.520774	-1.7789667	5.6725073	2.671152	7.498355	-2.7730978	-2.1408179	-0.85380745	-7.717608	4.293469	-0.008127987	0.6414473	-0.023354769	-2.4865127	-7.4325953	-8.5818405	-4.441735	1.9554311	1.6657064	-5.4838963	0.40390587	-0.6788542
-493.95084	146.76025	-22.023945	41.216507	18.675507	26.102299	23.624908	10.123056	-23.516048	-7.119789	3.4498985	-31.91629	2.2857914	-2.6588023	-13.569709	5.7471204	4.8052673	11.881952	0.6492139	-1.2446414	-5.6169753	-6.7413726	3.5981383	-15.605572	-0.6659311	3.8976278	0.9922597	5.9405656	-0.29802093	1.1770929	3.5894797	-2.882242	-1.7280438	-0.18252912	0.63156986	4.90102	-1.0722193	-2.736448	-3.5328708	-0.7202256	0.37242028	1.207511	-3.0402827	4.221878	0.30776507
-505.42856	151.36191	-11.534626	42.108074	23.859497	23.924217	21.338367	7.6350565	-22.433418	-3.6416783	2.3657079	-27.660057	9.05578	5.402834	-5.950698	3.5825531	-2.6320937	4.2930417	-1.340808	-1.8044446	-4.0333843	-7.1075974	5.626408	-11.798653	2.727031	1.7386774	-0.8194691	2.1446471	-1.2851579	0.59566545	1.2408471	-0.124179244	-0.48386586	-0.47031748	-4.0895953	-0.66166204	1.6168369	-0.6092501	-4.4495053	-2.6796708	-2.8166873	0.883919	-2.3868058	3.97903	-3.150363
-494.11597	147.33566	-22.35888	32.9578	23.578241	20.309353	19.094955	5.7881546	-19.924332	-4.6560264	3.351627	-25.782951	6.9516573	2.8206766	-9.386749	1.8101937	-1.1909679	-4.5435324	-5.561782	-5.573292	-6.440735	-4.363414	0.68313193	-13.283674	-0.7510316	-4.4066515	-7.1770525	0.6941136	-5.1175604	0.3188755	2.583856	-2.5644052	-1.5524147	-2.3266046	-7.3631063	-1.8552632	-9.620489	-7.93667	-10.021545	-3.3182461	-0.75322855	-5.555913	-3.4932323	-0.93224436	5.40711
-514.8538	145.87329	-21.804466	35.151386	29.01978	27.446804	29.081337	10.851126	-17.346699	-12.203997	-5.044175	-33.79531	0.43486786	6.6841364	-8.130227	9.699137	5.63831	9.234828	0.056970954	-5.729987	-14.275954	-8.684682	-3.9075007	-15.401518	1.8410454	-3.2839382	-0.7013465	3.5802093	-8.165506	-3.4498587	-2.1581872	-10.183596	-6.032813	-2.139594	-7.4435854	-0.36366475	-3.0068681	-0.92378	-5.383586	-5.5457354	-3.53261	-6.1110287	2.6567822	8.402996	15.384201
-512.7164	145.80411	-17.741703	28.390095	19.716171	17.982035	24.900967	3.369341	-10.824265	-2.7027617	-2.8252437	-28.480488	4.790403	7.785219	-4.454736	7.3074813	0.9427523	8.189924	-3.7311895	-3.310242	-10.0176735	-2.1900032	-4.141542	-10.723575	-0.16868472	-1.7071469	1.7788647	2.8162103	-3.1159844	-4.0484605	-2.2153196	-11.445486	-8.942643	-3.2836254	-8.169796	-1.1160414	-1.4717228	2.1961884	0.8316556	-2.997407	2.1322823	3.831377	11.453047	15.575778	7.517666
-516.9216	147.16492	-14.292581	27.780943	19.635427	12.626933	21.878075	14.86787	-9.162031	-4.3022404	-3.4034038	-14.645875	17.613586	5.1866794	-8.605755	-4.036623	-4.8167973	5.231754	-4.330036	-7.0240397	-1.6494	-1.1250739	3.4687595	-8.568055	5.0667067	-3.6805618	3.1963475	7.2117205	-6.851146	-1.9370387	-2.382838	-14.389756	-1.9575951	0.5213925	-5.366698	-0.29058075	-3.438939	-0.57739097	-0.9774219	1.4205265	9.251544	17.089432	15.023532	12.201006	-0.16814685
-540.5075	147.78757	-5.473837	22.174004	18.64611	23.243555	31.079323	19.651508	-3.3236709	0.028465047	-3.3155546	-24.031845	9.111008	-2.504863	-14.957344	-0.7313504	-4.5252256	7.178852	-2.7740068	-11.538384	-3.7430012	0.97375065	4.586738	-3.1365604	2.762065	-6.522045	4.933798	9.511314	-6.7041836	-0.6484971	0.5709066	-4.9502387	1.833087	-7.222914	-11.295633	-0.8495202	-0.43147433	3.3714433	6.4145436	15.549749	19.234287	7.3703146	0.03551793	-1.781211	-1.2634525
-562.7666	146.55124	-0.3395782	19.546677	16.512543	22.43496	29.60125	17.554102	-0.48762125	-11.383938	-7.0774913	-21.694965	8.117061	8.60832	-0.69115436	7.98778	1.6976243	14.4772	-0.6914266	-10.246416	-5.892421	-0.4626441	-4.7334986	-13.1240635	-10.412205	-10.672553	-3.0681658	10.624833	-1.502856	1.8573127	2.2001462	-2.6110008	-0.8528583	-6.142408	-3.8572533	3.7113175	10.639975	12.656759	16.81128	16.16859	10.265673	-1.5277427	-8.333702	6.910305	3.6824064
-581.86273	140.80734	14.682838	13.759363	7.3260655	27.08392	22.597721	20.942072	5.227132	1.0795643	-7.4494824	-22.922918	-1.7817023	-6.5858803	-12.029297	-2.150456	-2.7405496	5.2484274	-1.595808	-9.984427	1.4719702	4.657215	7.1408815	-0.22840405	2.970169	-6.8862314	-1.1158569	4.8297305	-7.446005	-1.1896157	4.7137446	1.3192818	3.6969557	-3.4967391	3.0830684	10.757754	19.490105	15.738821	10.688839	1.9573988	-0.5854368	2.9736185	5.163618	13.183837	1.7049818
-589.13214	145.48468	23.078241	11.404034	3.367217	20.270962	9.624218	11.027	0.68844306	5.0194225	0.11701527	-9.712151	4.6137753	2.8352633	-6.297429	2.1443465	3.7906265	10.818592	-2.979275	-12.866962	-1.7276573	0.8904488	-0.16253233	-7.4544067	0.06850415	-10.955961	-1.419486	4.903793	-1.2702575	0.95130414	0.94616205	-1.7732586	3.496457	2.6700017	11.811532	18.572374	11.179136	-0.22750497	-4.8447666	-0.18316579	8.416646	7.5251036	0.69185793	0.2006737	-4.857424
-601.0604	147.53705	23.43441	14.721283	12.008776	24.976837	19.831024	16.00674	2.5796242	5.7009645	4.5802207	-9.150489	-2.4750874	2.5989685	-3.275639	-2.070248	2.324129	11.387672	-3.0518658	-14.5424595	-11.13266	-9.651903	-8.656697	-15.323505	2.2376702	-2.0967948	5.7301908	5.747749	-2.2622428	-0.34579554	2.2849808	2.0964584	15.049817	15.417291	10.586933	8.637323	-0.8991718	-5.555014	-4.961026	4.097771	0.20986223	-3.1294346	-3.5396364	-2.34996	-4.7871056
-626.68176	140.01315	35.365913	16.09715	7.014517	20.678778	22.758549	10.322748	0.70801044	-1.9237051	-8.44889	-18.088339	-7.1557384	-4.762742	-5.1925764	1.4773642	11.755882	17.192535	2.1209621	-6.135758	-2.6186988	0.8941008	2.4900348	0.06361127	1.9954112	2.4336102	6.0639124	0.26018935	-0.2830463	7.455084	13.875128	7.8668237	10.322583	11.163946	5.896824	-3.701695	-3.5914803	1.4350337	12.394405	6.695739	-4.895861	-3.262384	-5.512447	-2.20236	-4.2788296
-655.8376	113.58886	40.64956	22.968636	11.7752	17.97064	17.816334	11.129045	1.8229105	-2.602869	-11.008406	-11.863819	-5.259506	-1.6713166	-3.20939	3.0024922	10.494182	8.610931	-5.7865562	-2.5108244	-2.158597	-2.4476075	12.462262	15.937023	4.876046	-4.6510625	0.50374794	2.228657	16.346916	26.792934	31.835144	21.83869	7.8643217	-1.0790892	1.1279228	3.5211887	3.492686	-3.330269	-1.7026203	-1.3081241	0.8317752	-4.6961675	-14.08213	-11.51507	-6.4697638
-679.2435	95.02557	43.421597	30.90102	23.489285	22.264534	14.491015	13.7416115	9.557049	-1.371383	-10.907911	-8.757778	0.18577445	5.6539574	3.7507362	7.6936846	-7.3160276	-5.3186674	0.5452912	9.906105	0.5934623	-4.456696	9.305393	16.894167	6.1039915	7.1033754	1.7673539	-3.8233783	14.906558	24.372158	22.597317	13.379219	9.208992	-5.2340603	-3.180119	0.78029907	1.4623023	-6.367564	-3.8794413	-0.6189934	-2.2554052	-5.0419397	-7.9375963	-10.342748	-5.9672227
-684.7512	98.90957	50.994835	37.137386	28.640142	24.400738	16.365166	7.21084	5.655751	2.0105925	4.8976274	-0.4139498	-8.786968	-5.4813747	0.9553606	10.465038	5.137205	6.58603	3.357381	2.5179331	3.8221798	-0.48083884	9.197433	8.640947	-0.85316217	4.158143	-0.5198389	-1.5603329	4.038756	2.0581563	0.45863682	-4.0959234	-0.3963734	-2.1232905	-1.2824681	0.106229186	6.297735	2.2542639	1.7776103	4.283696	-1.3863099	-2.54971	6.014102	-3.0066984	-3.5031705