-473.5618	136.39064	9.233944	16.991165	-11.657242	-13.486225	-8.053631	3.9231348	14.230357	8.126704	-1.9564108	-3.047039	-0.94514036	-16.336897	-15.197502	4.9995813	4.2672567	-8.088592	-13.1394415	1.4155982	11.390707	6.6313367	1.5098265	9.344235	2.464526	7.50443	3.7305007	7.3368616	2.0191147	3.9494379	8.651943	-1.7009252	8.655508	5.7236648	-1.1810976	9.017607	8.125914	2.3843174	10.081117	2.3195617	1.482101	8.178941	-5.458495	-0.38986242	1.2893962
-399.56354	157.33032	-21.223017	6.925542	-4.02256	-2.7489033	-5.4290857	-0.027879775	13.420462	20.70366	5.181978	-11.557049	4.375413	-6.560411	-15.755718	-1.3083954	-3.0987148	5.3160357	-0.2877965	-4.3740296	-11.130991	6.555925	-1.2072291	-1.4172354	1.2609115	-4.5987854	-9.611824	1.0338274	-4.9278135	-2.635179	-2.5169015	-8.29538	3.5050697	9.125783	3.841878	1.1383121	8.0465145	0.92996526	2.7359133	-1.344198	1.3401587	8.222456	-4.218899	-0.4751916	0.5911519
-355.225	159.85321	-39.66056	12.97077	-11.547346	3.0076313	-0.48560065	2.9936497	15.199243	21.468037	-1.3591349	-12.754311	3.7369459	-10.774675	-11.374714	2.6944594	-1.3967903	10.582552	-4.210346	-7.183262	-19.909023	-1.1988637	-1.7410269	-3.4053738	6.9670367	2.7248168	0.2873125	-4.3262897	-9.705786	-3.9055467	-6.0927744	1.7883526	2.4692466	1.119416	-3.4546463	-4.1530676	6.2476187	-4.4201264	-5.349226	-9.337992	-0.5823884	2.0818858	-4.8875027	-1.6212456	5.808138
-331.2396	163.82697	-55.169796	7.6595287	-14.3212	3.434698	2.7073812	2.7720315	19.269722	21.961048	-1.126897	-12.338319	5.646092	-8.168337	-5.8607254	0.67658365	-2.4243588	7.5888443	-0.9246899	-2.3653321	-18.587456	0.81547666	-3.208402	-2.698306	9.964975	5.7317634	2.3089752	-2.028531	-9.434745	1.9194803	-0.24948764	4.9926176	-5.1605554	-3.8075562	-7.1718564	-6.0606127	2.7989955	-3.848382	-3.9996953	-5.384751	-6.8320227	-3.9252863	4.4156613	5.769558	5.8362646
-317.731	161.961	-63.960503	-1.4728448	-14.155728	8.014662	4.259437	10.802328	18.111822	16.561874	-5.5233536	-16.469578	13.433503	-3.5085611	2.375827	-2.0368948	-1.8927331	3.8061528	1.9932954	1.1725571	-10.088916	3.2041821	-3.3010235	-5.644232	7.8802934	4.814791	6.1964226	6.257631	-4.879174	1.9626338	-3.7173936	-1.0798625	-9.226684	-3.872915	-2.5009224	-8.7057295	-7.912442	-5.8229475	-3.6968222	2.9987946	-3.084746	-2.2944481	-2.7330651	-3.7042048	-3.2847931
-316.76187	156.3745	-75.64482	-7.97937	-18.251007	14.4484825	11.98002	15.075554	13.491516	18.502043	0.9387535	-13.5718155	13.389354	-0.16251999	3.0967176	-5.316514	1.46843	5.016992	1.2212322	-0.4865794	-12.06872	-3.3938365	-1.3164268	-0.6199334	-2.8866086	4.6995134	5.930771	4.164338	-8.7686615	0.3341517	-1.6874474	-3.1979089	-6.9926085	-3.6352572	1.25014	-4.488088	-8.132296	-7.4017296	-4.2815237	5.1372647	-7.962921	-5.6136756	-3.2569685	-5.2665954	-9.655008
-318.2405	155.22704	-72.52666	-13.453627	-22.20395	16.376541	4.348642	12.868465	6.845545	20.143736	-7.615426	-12.694662	-0.20866346	2.2015877	0.4073249	-8.89274	-4.597539	0.38028312	-6.609556	-3.2903	-9.980154	-3.38346	-1.6500015	-2.992856	-3.866736	2.0812588	6.0285845	6.5574193	-0.7989899	-2.536215	-5.352662	-6.102715	-3.2206576	-0.47698796	0.5129578	-4.8891106	-7.8956213	-4.706385	0.3276628	0.48863262	-4.6928205	-6.5873346	-3.7487884	-2.7559855	-3.0756204
-313.2779	158.75096	-72.12955	-9.091558	-8.658154	18.942135	4.4664974	11.188477	4.249073	14.537989	-7.5663757	-11.029871	5.794345	7.4183135	2.833243	-11.951237	-2.6381636	-4.804271	-4.7279844	-0.440089	-4.6262445	-0.75048816	-2.7970767	-9.414825	-9.163101	-2.71072	3.2553115	7.3756933	5.137076	3.6984286	-3.7387125	-1.9476113	-2.43781	-0.9904393	0.7060771	-0.47656155	-2.5018754	-2.2214756	-4.469861	-2.6069112	-3.7299194	-2.5520766	-4.857566	-1.0267861	2.3710072
-286.83707	137.95801	-57.562134	-18.399143	-2.6600103	12.581276	9.266454	12.055846	9.075538	11.087194	-4.2594376	-13.399799	5.651636	9.471766	-1.8644251	-7.6070232	-2.425947	-4.9096384	-2.2480774	1.7280937	-4.5856595	-2.1265914	-4.3677063	-7.2304735	-3.1353443	3.0228927	6.509921	2.7575994	1.4432837	0.5125865	-0.4342885	2.9475784	0.48740652	0.26016623	-1.464412	-2.0426311	-2.2781742	-1.8330368	-0.82411146	0.64139384	2.5061283	-0.8583647	-3.6920276	0.1742382	1.290341
-334.94244	158.2165	-69.28548	-11.963146	-4.2453904	15.167046	8.137589	12.409483	-0.8264168	16.188452	-8.047768	-16.726114	5.034836	2.7789345	3.6925693	-16.644985	-5.2241592	-8.088476	-11.564848	4.2837543	-12.662823	3.0962195	1.6382303	-8.334317	-3.1721954	-4.115444	0.49833012	3.8204591	5.123491	3.026042	-2.6981804	-3.9121113	-9.753967	-7.2055035	-3.5190804	-4.4652877	-3.4158263	-4.372717	1.4628465	0.707181	-1.6822824	-8.825597	-7.6148767	-4.1924553	-3.0795715
-294.17807	141.3259	-55.359386	-21.353596	0.71289176	17.044914	3.9851394	13.609798	8.661873	12.365005	-1.1014004	-14.29961	4.609458	4.001394	1.4130278	-4.832204	-3.2425637	-1.7368159	-3.9149497	1.3388324	-2.753944	1.7437192	0.4493829	-7.060643	-6.7707853	-2.088376	2.9911199	4.5869656	6.916126	4.612584	-0.67140067	0.38585246	-1.2984741	0.33146596	-0.56583524	-0.6427393	-1.626383	-2.7548428	0.78067756	-2.512302	-2.418279	-0.6514282	-2.8147275	-1.9743036	-0.83153445
-316.2857	152.29922	-78.821045	-20.512348	6.6624594	23.011322	9.747184	11.150057	-5.18015	9.345547	-6.5636272	-15.992558	2.1161115	3.9907045	2.0247154	-19.028484	-2.3047166	-6.7361507	-6.7994146	4.560543	-8.793123	-0.10792935	-2.3821683	-9.502052	-7.5310597	-3.510478	-0.45397198	0.16430163	1.956046	2.7209687	1.455229	3.3016849	-0.0071594715	-1.6942103	-8.219849	-8.751159	-8.190762	-6.689231	-1.8347818	-3.4037914	-1.1760553	-0.42016435	-2.56319	-1.747155	1.000988
-301.78928	163.332	-84.118904	-14.197329	1.4048074	17.262184	13.219457	12.855379	-12.999912	24.458048	-2.0806818	-13.752148	9.551353	6.9775543	1.1522481	-10.880966	-7.0481505	-1.5115571	-1.3004211	6.8554735	-7.7102566	0.62305117	-4.932472	-3.3070612	-7.831721	0.045078993	3.8150845	1.89113	4.6053853	4.9945745	1.1645834	2.3312	-5.320909	-2.6575186	-0.92622864	-1.5697784	0.17251992	-3.4501271	-1.2626073	-3.5624857	-0.8125768	-0.93126637	-0.17071918	-3.9506574	-2.7273655
-315.31393	163.55777	-101.49072	-16.879137	4.0100136	13.248737	11.60207	11.933362	-8.294878	19.368046	-6.316346	-15.847077	5.124421	1.2929544	1.2779175	-12.206752	-3.5053082	-3.3987074	-6.197294	3.856908	-7.814422	-2.4465818	0.07975146	-4.514822	-0.9315326	0.8078087	2.5562887	2.2417758	1.347205	3.4498794	-3.951219	1.6964021	-8.482055	-4.543789	-4.227438	-4.401818	-0.38778067	-1.6834764	0.5720351	-2.3548012	-3.423904	-2.0787973	0.39820284	1.0369859	1.9933082
-316.33694	162.9297	-97.96107	-10.497502	3.1826296	10.634415	3.7888854	11.624687	-10.069943	24.053305	-8.956215	-5.889554	14.35416	4.579668	6.379126	-14.503967	-7.6191707	0.5891266	1.4199053	15.207943	-4.128533	-8.333719	-2.8437042	-5.4941473	-10.61653	-3.2649205	3.0476053	0.13146931	-1.6487229	2.1581938	-6.9499035	0.37140766	0.45650625	-4.161261	-6.074976	-3.2811043	-4.714182	-8.49824	-1.0900332	-3.9981806	-3.823278	-2.013965	-6.689893	-6.342737	-2.0092478
-323.41388	159.58911	-87.96806	-18.172853	0.39766353	19.872154	7.79959	12.794234	-7.168378	22.018646	-9.1059	-11.859573	6.929612	3.3354611	9.066244	-16.9803	-3.5513444	-4.3835754	-5.917285	5.305511	-5.8623285	-7.8377066	-2.6948514	-7.428612	-6.962607	5.108631	8.0404415	3.694688	-1.1487471	5.7176037	-3.3206182	2.6704628	-7.1926103	-1.4644601	-1.8668816	-5.232991	-0.041839868	-1.7573693	0.44787073	-2.5553365	-4.81699	-2.6830952	-3.9822907	-1.8477516	1.9892075
-326.00143	167.23926	-83.98253	-10.856272	-2.3987448	23.07368	7.4621916	15.552473	-9.771463	27.544792	-8.391549	-2.9670446	9.859819	2.4255166	2.330755	-17.439526	-7.7657743	0.012093008	-4.8870983	11.646911	-7.0485263	-0.5698768	0.47849053	-0.23200488	-5.4062996	2.4003859	6.1645546	-0.086370274	5.450634	6.4164906	-0.76600343	0.2912439	-8.866264	-0.6065208	-3.0582643	-9.65615	-2.1170902	-2.5149345	0.83208966	-9.956276	1.457624	1.8231413	-1.2372811	-1.5691123	-1.3879436
-331.76703	166.10818	-85.16465	-11.041468	-2.345799	25.867563	5.828914	10.143936	-17.012037	15.735665	-15.289404	-14.343422	4.828665	1.0625864	2.61582	-13.261635	-3.562441	5.32765	-4.101456	12.107595	-13.548756	-6.1072392	-6.593356	-8.2297125	-2.9318376	3.8671162	8.664917	4.495141	2.6423442	-4.1545124	-8.846952	-2.6553228	-8.171342	0.19782102	-2.9607162	-2.5591283	0.29920948	-4.869673	-0.8199415	-6.8210645	-3.8375776	-6.7524576	-6.2304564	0.79717743	0.13842544
-329.67926	166.54758	-80.73796	-9.194424	-0.052396297	26.508167	5.4874754	11.91717	-13.262877	21.787622	-4.321104	-10.967262	8.436514	-0.26444978	1.9731218	-14.0504	-4.3735456	9.41198	-2.7156084	18.099792	-7.5485625	2.2812648	1.6855831	-5.6818466	-2.083862	2.7526274	1.2351308	3.8360858	2.670948	4.8024855	0.5721363	3.9259903	-5.796281	-0.28428906	-4.20097	-4.049482	-3.4128098	-6.359397	-1.0740926	-5.226902	-1.0437146	-3.69701	-0.93634576	-1.5767837	-1.4590282
-338.4954	157.0045	-84.87952	-22.467064	-5.0454683	23.613827	8.696867	11.430578	-15.087534	23.054234	-5.486029	-12.99843	6.8225217	-3.364683	-0.058172464	-19.534893	-8.8317795	1.3418376	-9.6302	6.909111	-14.899136	-7.974722	0.2992487	-7.879387	2.5395257	5.9725394	7.450774	6.048709	-1.5642318	-1.1300179	-10.425915	-7.1843405	-12.717837	-7.764931	-9.372832	-6.751605	-1.6075027	-2.3692656	-4.455839	-7.4144244	-3.98217	-5.986198	-0.34895313	1.6450737	-0.6537601
-330.1294	150.08192	-68.393616	-15.737686	-0.4957159	21.391983	10.615903	8.80515	-11.188608	16.70279	-1.0117397	-7.0263815	11.564812	-3.264504	-2.1384819	-14.129141	-3.6998615	3.2588928	0.48240745	11.684842	-3.551026	-2.2791038	-5.772208	-16.840767	-12.245919	-5.561613	1.9468172	-0.46338844	-3.5411391	2.250793	5.7502203	12.575611	1.5819491	2.297637	2.2430773	-0.8554863	-4.242606	-7.2984147	0.59653234	4.993312	3.7264977	-3.5625772	-1.9722666	2.244544	0.518571
-320.81952	157.47606	-70.0034	-20.387928	0.4531177	19.806755	9.511014	2.2594056	-14.363379	13.587587	-4.0789967	-6.677952	9.409548	-1.8653725	-3.4434187	-17.508186	-8.488243	-5.9727445	-2.9874437	5.113417	-5.839754	-2.0119538	-0.62454164	-7.037109	-5.00847	-2.0427377	4.429711	0.19256306	0.50252163	-2.1671982	-1.9498478	1.6968391	-7.805049	-2.7012491	-0.725073	-4.739721	-4.9142046	-4.326617	3.4435084	-0.66197085	-3.2984598	-1.137371	-0.5206295	-3.5129101	-1.9885917
-326.22974	164.40427	-78.59417	-17.259968	-0.38284934	21.418869	12.16325	8.932596	-11.394363	23.753384	-1.1884798	-7.280614	6.102387	-6.067921	-0.49888396	-20.258148	-6.442183	-4.8359785	-3.5450263	3.3483028	-13.049976	-4.3579674	-1.9071486	-4.2683907	-3.2208939	1.0411017	3.692377	-0.47095123	2.9229252	0.6568992	-3.9416733	-1.0654391	-6.2514033	-2.0179334	-7.1496334	-9.053152	-1.1825699	-1.4073788	2.0248532	0.091353655	-2.9034758	-1.1457499	0.9148618	2.3057578	2.3556607
-335.95255	173.21713	-83.28743	-11.705718	-4.1369543	23.644745	1.6454543	5.6572685	-17.77134	24.736921	-4.978272	-7.4403343	1.824805	-7.6636114	0.34357896	-19.689667	-1.5115638	-0.6662418	-3.4714475	3.3837047	-19.280506	-6.918545	-1.1011001	0.5955257	-3.753796	-3.6249588	-1.3052068	-1.6922724	1.5547551	2.0126004	-1.1814134	3.3208847	-4.571325	-0.9976407	-4.325582	-7.3713245	3.5615668	2.683116	4.017203	-2.269433	-5.798704	-3.5189285	-0.28051877	3.2271738	3.8151891
-332.69623	170.53934	-87.4275	-6.5756836	-5.2314353	23.56858	12.2720375	3.489614	-13.899544	27.428053	-3.3855186	-1.2206817	1.9211297	-4.846055	7.0292664	-14.2407255	0.65735877	-2.188929	-5.247048	7.467401	-6.3104506	-1.1448295	-5.382667	-9.40357	-8.371712	-2.2504764	0.650959	-4.4699984	5.641784	4.4043713	0.15412849	6.648966	-4.211059	-0.8643385	-2.0798151	-9.163962	-0.5767864	-2.7495227	-0.22845364	-4.6730556	-5.8094196	-4.6453285	-2.9249356	-0.6574023	-6.574328
-326.15192	147.25838	-82.402336	-10.029113	-4.68725	14.922325	17.05754	-6.3274	-7.7937384	22.267754	4.5152693	2.087006	3.071805	-0.956713	5.1477942	-8.190748	2.435888	2.8551335	-0.3289159	3.6275346	-7.9695253	-5.220042	-6.5772715	-9.903194	-3.9662623	-0.33915138	-0.8189562	-0.8635514	4.9825606	0.90937114	0.2616508	1.6601295	-2.196064	1.2778447	-3.8284507	1.6902022	2.4921768	2.161643	1.8063514	-7.9726562	-6.3245106	-7.1009645	-0.33576	-2.3898587	-7.2017403
-310.03818	151.25665	-73.321976	-10.66247	-11.185865	8.985851	22.763592	-8.526387	-4.0011797	16.811306	1.3924809	-2.3468528	-2.9660685	0.44391	1.1518526	-11.093534	-6.568202	-0.79432625	2.934787	2.552116	-6.973851	-8.965342	-5.6089125	-8.858745	-3.3304706	0.46633357	-4.643298	-1.3359611	3.4878473	7.092987	1.520612	1.9470652	-1.8480027	-3.5653787	-2.364659	-2.7948031	0.863848	-3.107739	-5.4827228	-1.3625757	-5.8482533	-7.2837152	-1.3783016	1.5215878	-2.1508863
-343.4239	183.67581	-89.17131	13.25466	-17.368313	10.720128	23.339146	-12.186733	-9.169621	23.324833	-2.232255	9.445681	-5.4459867	-4.3765125	7.8150654	-17.26639	1.1387588	-1.2124146	-3.1568851	2.7011533	-10.298176	-2.6254005	-2.8588665	-4.6210003	0.05988425	4.352612	-0.82562983	3.280299	3.2078094	3.097155	-0.96836555	-2.8018663	-8.208586	-1.686766	-1.0000514	-0.38421118	3.0759237	-1.7032354	3.8452294	-8.83211	-9.069787	-3.9840267	-0.28497472	1.2727995	-1.1413246
-354.467	180.96744	-76.37259	12.402683	-16.986763	11.581482	29.571602	-16.069103	-10.181669	16.26248	-0.55015445	15.1179085	-3.874671	-9.299136	0.52612925	-23.447557	-0.8930441	-1.1237979	-3.3376205	10.684225	-0.2149488	1.0156705	-6.3908224	-7.796768	-1.3376939	7.3985615	4.650304	2.5224457	5.4124517	0.8753563	-0.34764624	-2.7950594	-6.748957	-1.3467633	-4.5758204	-9.173981	3.3219354	0.64454895	5.107294	-3.9557018	-3.3293848	0.9002253	1.6389799	1.215729	-2.5785403
-369.78943	179.20392	-57.87501	14.785389	-15.47305	10.630381	26.404852	-11.93711	-6.578924	17.090633	3.8863237	15.076403	-2.8206496	-8.286149	2.3375392	-17.138014	1.8419174	3.4093995	-6.959941	5.45311	-0.7655237	-0.3404507	1.252327	-7.9371786	-7.1381664	1.9478105	0.5852014	7.061035	9.04208	5.402989	2.114894	-7.799039	-12.14202	-3.0166826	-3.7796888	0.5988295	5.918009	1.6855285	-0.998381	-7.330323	-3.9310272	0.312288	3.4696984	0.37542802	0.3573773
-433.27368	188.22696	-41.11404	32.496777	-7.21951	-4.1139135	19.78283	-7.847936	-8.842969	19.924875	-0.61383164	1.7423565	-5.6210914	-5.2579904	-2.4380045	-10.594733	9.533788	7.356377	-3.6021543	0.96889436	-2.1975758	-5.224408	4.270373	-1.2214007	-8.61409	5.0092297	0.68699074	3.3157668	10.274326	8.553979	2.5226426	-1.1233157	-8.031656	-1.0862956	4.7447577	8.051775	0.82902646	-2.0384078	3.2793946	1.0579894	-2.180646	-6.000335	-0.056723475	0.57687414	7.7807803
-479.69684	145.24802	-35.67444	47.685066	21.622555	19.635147	39.070484	11.40894	-16.26585	3.7735963	-3.8884788	-14.5624	2.9163346	10.471432	-6.3795643	-0.052657604	19.290962	2.3401296	0.72416246	-3.581977	-7.756639	-1.6456655	1.9364636	-5.520901	-0.2872476	0.80049944	2.8852115	4.6654406	4.1770635	1.7872536	0.18727577	-1.4362926	-2.9419806	4.222121	6.3774347	5.0639806	3.8353753	3.9473448	-3.2476969	-2.739534	-10.432339	-10.437207	0.5915326	-0.96635354	-1.3844064
-487.5848	148.96297	-43.111053	51.296776	16.577953	13.854319	34.136524	6.3586235	-16.694704	-2.217332	-12.377615	-20.32094	-0.8803604	7.8662143	-13.346891	-7.3782825	11.2074995	-2.1127758	-1.3387557	-4.308546	-8.845972	-1.4717504	-0.39280063	-9.553439	-7.770321	-5.5852757	-4.137686	2.9870806	6.326431	8.866593	0.7861502	-1.0649028	-1.8150535	1.7227082	0.17266303	5.2456493	-1.7816817	-4.116623	-6.2806196	-2.3216388	0.5763942	-4.3579407	-2.9112842	0.35769346	1.2245958
-485.4252	150.64911	-37.61255	55.218006	17.050116	17.337893	36.11594	7.9332433	-13.88077	-3.4621096	-9.09367	-19.260653	2.869915	9.193652	-11.978094	-3.5549092	12.541316	-0.51366496	1.6532235	-1.8385687	-7.9365854	5.440899	2.3007364	-6.430832	-4.391878	-1.3432697	-1.8909678	3.596366	2.3963199	3.319605	-0.69222814	-1.4337559	1.2949613	-0.085095644	-0.57129407	0.45738828	-4.90174	-3.0615978	-4.327156	0.35069203	5.0867453	-3.019289	1.6629754	1.6321803	-1.480788
-496.06238	145.63742	-37.098804	55.01355	14.579493	16.819616	31.56282	5.5989294	-10.822493	-1.4409968	-5.7547812	-18.181032	2.1804996	1.410589	-20.170643	-5.803294	18.055696	5.2058654	5.9377003	-1.6622673	-9.462533	4.9912663	2.87283	-4.717909	-3.8701205	-3.973332	-4.7406116	3.4374948	-1.1705528	4.0874014	0.832183	-0.11845064	-0.50805926	-1.4253484	0.47113818	5.3439226	1.3540919	-3.210908	-8.887288	-5.7350454	3.0520623	-5.2172003	-0.83719516	-1.8219881	-3.3800159
-503.07397	144.6044	-36.74095	47.298897	10.947809	11.91103	32.739902	10.417412	-4.332377	0.4737403	-9.339495	-19.146343	2.3642056	6.816073	-11.129818	-1.4297085	14.596276	-0.57930595	3.4623337	-3.61721	-14.133051	2.8248992	-1.4943115	-9.38359	-2.5266118	-3.042354	-2.3485503	3.385146	0.5280702	4.6354437	4.3056912	4.8108177	2.5222235	1.1698056	-4.355117	-0.75391483	-4.772381	-1.4860433	-2.605445	-1.2229481	0.43884885	-6.749167	1.0159492	-2.5265486	-1.3346651
-516.3109	146.58218	-25.154325	44.37651	9.369047	13.373572	29.64913	9.782215	-10.533575	-5.0105386	-12.357429	-18.652733	3.9720018	4.9299326	-11.349787	0.2264167	18.652205	6.298541	1.7823163	-10.438127	-13.755945	5.1762123	5.299797	-10.558585	-0.05880165	-3.3751953	-4.943109	0.4046209	-4.4332237	5.2493887	3.055344	1.1093383	-3.8955014	-2.3123503	-4.279312	-0.08000255	1.5076246	2.112433	-5.091214	0.36814582	8.402114	4.0387707	0.53950256	-2.1546917	4.295138
-549.932	144.33072	-13.856487	33.761387	16.2697	19.62492	28.395172	14.301045	-4.8255434	2.8430595	-6.858282	-11.880358	8.570154	5.6129208	-16.04332	-7.28669	9.807815	3.0828276	-4.778741	-17.893322	-17.549805	-3.939008	-5.5408783	-13.276026	1.1924542	-4.5923634	0.38982755	9.020552	-5.3211346	5.129197	5.1636105	8.991719	2.9336498	-12.646639	-17.387342	-11.299944	-7.8368106	-4.2252145	-1.1936061	-0.009317994	-3.19094	-1.2483782	-2.8911328	-6.8762045	3.6925564
-561.3849	147.52728	-1.4522369	35.56755	15.350747	13.7698	23.414383	13.679144	1.4549938	3.4585512	-10.087797	-17.275713	8.996265	8.387768	-6.534406	7.6175165	15.2851715	6.8694673	-0.88483024	-12.250239	-10.21949	-4.1594434	-3.8590932	-4.5997877	-0.9127321	-5.683869	-4.5176096	4.847376	-10.099487	4.0111256	2.4134386	-4.140998	-5.899397	-3.1690702	-1.2173734	-4.2193975	-2.5373974	-0.68865883	5.0259924	6.0657463	1.3582435	-0.76290166	0.069092035	2.6997411	12.771217
-591.31805	128.61757	14.618769	37.399055	14.161409	10.217897	24.276632	26.227234	6.7683897	6.112539	-8.941603	-14.139233	12.486321	10.84771	-5.7393436	7.0593576	3.5384712	-0.47029054	-9.222836	-17.547537	-8.317849	-7.605851	-1.6872851	-0.34505457	-0.66959226	-5.8555813	4.5852017	6.742444	-3.929427	-0.18524224	-1.9314058	-0.7659426	-3.511102	-1.5057703	-5.451382	-6.1073513	-5.3609743	-1.7662253	2.1871774	-2.3114467	-1.9068886	4.0173826	8.670668	15.67557	17.70477
-611.356	126.03217	24.757729	47.648094	29.241217	20.398304	19.904753	14.226028	6.3019776	17.085974	-3.613657	-20.779217	-3.764905	-3.1238532	-4.8843565	11.379941	8.326553	4.5841393	-6.280253	-6.4507685	2.7125263	-0.5425457	-5.1603293	-11.834217	-6.2874255	-5.700843	-3.8811061	-1.2002637	-8.637989	-2.9928248	-2.4327116	6.6860347	6.0311317	-1.0640719	0.45112774	1.844549	-0.8120921	-0.44810444	0.49931714	-4.5977945	4.0687976	2.6129432	7.2309723	8.347672	5.102852
-641.58905	110.40073	30.688007	37.985214	27.087471	27.914738	22.115864	16.625937	16.462254	10.54418	-13.409487	-22.257465	-4.003812	-4.0862465	6.94924	13.753485	2.5442524	0.64698684	3.8147998	-6.185734	0.18265474	0.2114721	-8.081221	-14.997483	-5.8176756	-1.746608	-6.797534	1.5638309	2.168633	0.79647213	-1.5381544	7.201994	5.253526	4.9295306	1.3063989	-2.6299663	0.8701427	2.9569125	-2.0255072	-3.4798977	8.835768	12.542962	12.20774	4.451309	3.8692904
-659.3438	103.48474	38.65258	37.689377	27.315777	30.596363	26.96244	19.666885	16.534904	16.51313	7.164199	-4.5811634	0.6416958	-5.9622374	-8.893332	-8.100115	-9.651218	-5.0506296	-0.86021364	-11.636702	-2.4672768	-2.155906	-1.5515227	0.5296713	0.80836177	1.1220925	0.81937146	0.5432043	2.7447782	0.29424697	-4.0031047	-3.7124782	-3.055131	-2.9185789	-0.6967919	0.4756357	-4.953656	3.7952943	0.8127172	-6.2253838	-2.8867323	2.7711282	9.330547	8.857161	-0.036331415
-669.9473	93.60828	35.562904	39.672943	29.494032	28.486912	25.228466	16.57114	11.341843	11.131306	3.966385	5.260434	5.817564	1.6985865	-4.168312	-4.2637353	-0.21012902	-4.9026375	-4.603727	-8.283859	-0.123027325	-6.3105745	-2.5004005	4.885702	-0.7906382	-3.214011	-1.7338148	-0.22528124	1.6808796	-1.2768459	-3.2600975	-4.5590353	-2.97863	4.0916615	4.048298	8.55804	4.1535673	4.05047	-0.8825097	-1.9838672	-4.9341803	1.9053824	7.30033	8.438299	5.116437
-684.9829	93.22366	40.020813	37.19616	26.242958	25.668762	14.730035	15.715731	17.045538	17.404718	7.5141997	-0.15996307	-2.175233	3.5751476	-3.6080704	-7.0097947	-1.4944086	-2.7057245	2.1589706	5.523011	0.19221097	-8.377678	-2.6159248	6.031651	6.956362	4.4494286	4.320008	2.7374718	-6.6810613	-8.506575	1.5931995	1.2998621	-1.4752978	2.2408023	0.0072734356	3.5697765	8.244476	7.62549	5.527304	3.5608027	3.780956	2.126811	1.5273397	-0.60647225	-4.0198307