-608.1765	138.00433	26.936314	21.279636	17.581957	27.790052	39.076008	23.429077	-3.8263216	-2.3122518	-5.8725333	-18.389286	-8.033246	1.5184547	-16.517382	-15.957161	9.607651	5.613693	-2.682139	-5.7973394	-17.250935	-6.356591	6.7266483	4.9420767	5.0024414	-0.46263203	1.7412026	5.5331917	-4.5981226	-0.71002275	4.5920057	4.4806066	-6.822551	-13.124405	-3.1243572	2.6146157	-1.7158945	10.62142	16.370571	5.0266933	3.9662714	8.556845	-3.0257814	-4.360139	1.9391983	0.0
-579.81683	147.82278	29.302433	30.478863	11.796825	16.794996	33.238342	23.334736	-11.761608	-13.489974	-10.553331	-19.91721	-8.211362	14.495665	-3.9540339	-16.871397	2.9506752	-6.915445	-5.6973763	8.469911	-6.000249	-11.31946	1.32443	2.1368918	2.7531667	2.4320064	-4.167293	-9.170214	3.7401645	9.681526	-1.5333781	-3.8231826	-7.261794	-2.4839272	0.17135644	-0.20273238	2.651452	6.654958	2.3729622	-3.1034012	-8.303953	-3.2313175	-3.2229125	5.704519	15.222938	0.0
-437.3117	157.95657	-31.671204	33.549957	-15.322169	10.509132	32.8328	-7.805912	-6.9590116	-6.9140577	-16.780502	-4.821469	-3.4958725	6.557744	15.618728	-15.123949	-4.826463	-8.668098	-11.854904	22.383015	10.756826	5.777522	3.580453	-9.842062	-8.872706	-6.0891886	0.9951726	1.1702539	0.8579266	-1.0379598	-3.4038954	5.2164807	11.683632	0.7120142	-2.980804	-6.8556314	0.21211529	4.319195	5.1195154	-0.3469708	-4.9889545	8.896904	15.085306	-2.1681054	4.2625933	0.0
-308.7177	163.2778	-54.484665	3.5583496	-62.9207	-2.1382732	32.27775	-12.426161	-5.8220263	8.149635	5.514183	9.741529	-11.152828	-9.449858	-8.761192	-7.869796	17.224165	0.25922525	-6.799876	9.750259	-2.8557935	6.190744	11.115255	0.41919115	1.6165588	6.2851496	-5.365703	-13.1630745	-12.71177	-3.4681532	2.3092046	7.3740635	-0.5108488	-5.4465313	1.477052	2.4117503	-1.2501419	-8.306436	-5.153682	5.385151	8.147902	6.468977	3.5785499	4.0973253	12.202803	0.0
-266.938	165.14331	-68.968704	13.805872	-66.132385	10.857346	23.968153	-8.073044	-5.1120334	18.643536	8.46528	4.8440585	-18.548923	-8.825173	-0.7844957	-0.29270777	14.309331	-6.492398	-7.2993646	8.101298	-2.6182804	0.32497868	6.100647	-2.4339986	-4.8434086	3.4762998	-10.83461	-0.30210465	-1.7384647	0.11504248	-10.264042	-4.255073	0.0022165775	1.1147554	-2.9141226	-11.47364	-2.4317493	2.914702	3.2296803	-6.575715	2.1627023	7.2749057	-3.6279523	-12.499782	2.724575	0.0
-235.83351	155.53404	-81.75986	9.834663	-64.483635	12.532896	17.580334	-8.304953	-7.192283	23.158953	-0.2818936	0.69182396	-20.817204	-9.215702	-2.1113925	-5.5156126	7.5978923	-8.565676	-9.06656	7.7239985	-7.7069883	-2.459015	0.3530383	-3.420114	-5.2098174	6.8262205	-4.9648356	5.372058	1.4647391	0.10985494	-5.306906	1.1849244	2.43258	1.428644	-1.5012116	-6.4442816	-1.5957116	0.46801084	3.8119826	0.9052167	3.0701256	4.3367815	-1.3946395	-4.905043	3.148512	0.0
-226.40602	133.79944	-82.28993	5.3438244	-50.60504	21.183773	26.88242	-4.72615	-3.2510052	20.666107	-7.017587	-8.954082	-18.141624	-7.6004925	1.410995	-7.7298174	4.373857	-9.043467	-4.0959454	9.793526	-5.704285	-7.238521	0.3081931	-0.42097962	0.48925626	1.4536362	-13.773567	-5.990357	1.4735626	0.2404449	1.1817595	2.4164627	3.5868196	2.4907444	1.7009556	-1.4181046	0.2840175	-0.3071376	0.1616087	-4.71109	-3.6332378	-3.1352468	-8.443565	-2.185361	14.64945	0.0
-214.8901	124.93138	-84.67125	5.687483	-46.82356	15.934792	24.754425	-6.307128	-5.690964	20.171928	-8.719112	-13.222647	-15.768604	-5.726498	6.1894026	-3.0976896	5.9362516	-9.389735	-13.276159	2.7119598	-7.971896	-5.220098	1.9093409	-2.1514843	-1.6112161	4.0536404	-8.062449	-1.459232	-2.474259	-7.467125	-9.121107	-8.142891	-3.3605738	0.7501183	0.2618332	-3.8356502	-1.199544	1.2235314	1.0475069	-2.369265	-4.203129	-5.778944	-10.214945	-3.9315393	10.068895	134.39406287404108
-211.12894	122.00157	-87.14296	4.0698075	-52.56273	11.017556	23.394394	-2.9357703	-4.618408	17.002724	-10.567652	-11.796957	-5.4000163	1.6195366	1.2646921	-19.539803	-11.896533	-14.246088	-12.302394	0.3899423	-9.914446	-6.181297	2.4319112	-5.2851934	-3.4519587	6.6747155	-9.007833	-3.2498736	4.509806	8.131829	7.23783	1.8153788	1.1892322	0.16775322	-8.658906	-9.770335	-1.1059709	1.9372904	-1.4263828	-2.5594141	1.0228752	-0.5995233	-5.756084	-1.4030263	10.589945	133.96145247947467
-204.65685	125.81354	-91.510704	9.56781	-44.898254	23.394268	25.924057	-3.5128133	-5.3348055	19.211588	-9.77174	-14.258203	-9.896191	0.28593493	7.04036	-6.619607	-2.237009	-6.3872004	-4.7469645	9.003832	-4.9360065	-6.183239	4.6164465	-1.0225177	-1.3219545	7.9311767	-8.362316	-3.979348	-9.219504	-9.590233	-1.5810633	0.32279468	1.0616112	1.4736826	-3.296039	-6.3608313	-2.6713545	-0.08786726	-0.9010478	-4.330165	-5.390478	-6.580479	-9.577702	-3.1389294	7.497685	133.60905464750505
-192.08109	118.37468	-85.573524	-1.4904451	-42.250267	11.279098	25.131487	-6.585369	2.1708093	16.827488	-9.430247	-13.694518	-3.101249	5.5350866	9.760624	-5.7956667	-0.6438895	-2.3457212	-1.6857064	11.721021	-0.3419847	-0.3271749	6.929394	-3.756641	-3.7955112	-1.2590616	-13.166227	-2.9806757	-5.2084956	-12.119301	-3.6077263	-0.2071392	0.5098555	-4.2152476	-10.077358	-11.4762535	-6.808057	-1.7339336	-0.6209415	-3.8067384	-4.6230397	-1.6390524	-3.6620777	0.43767238	4.606243	133.28758485675706
-193.74036	120.60184	-89.27286	6.944525	-40.5985	14.5388775	20.76472	-6.6971607	-0.25845128	13.799507	-17.22261	-18.793839	-3.6095467	4.7167053	8.9433565	-9.927646	-6.3063097	-10.753	-9.113668	7.0326633	-7.228917	-8.243954	-0.21724832	-7.7671876	1.7142401	11.684709	-1.6370543	2.203371	-3.8693318	-5.3567276	1.657899	-2.0336738	-3.474287	-3.0443215	0.49076265	0.90046436	-1.27347	1.0821316	3.5629907	-1.1806475	-3.7837653	-2.799768	-5.8721642	0.31253695	5.0894794	133.69283806586063
-199.61813	117.447296	-89.60251	9.93105	-41.998814	17.702301	22.669899	-2.591793	0.113268256	21.884003	-11.763604	-16.20594	-5.6501284	3.2062087	10.265837	-8.372831	0.76058984	-6.2084446	-9.126921	3.8798337	-9.574819	-5.046935	3.7372684	-5.668935	3.4230862	10.787832	-1.9041281	-0.43763974	-9.813358	-10.335239	-2.1114097	-2.6956263	-0.813983	-2.498503	-2.9557977	-4.411663	-4.194829	-1.0008528	-0.40904403	-3.960542	-5.563425	-5.9839706	-8.43579	3.00209	11.499563	134.10711154328496
-196.5663	115.87143	-89.05226	7.1603208	-40.043755	22.403263	24.628437	-1.2103531	1.0159888	19.906357	-11.936333	-10.660376	4.723506	12.853681	15.743639	-11.023428	-5.0168314	-9.020489	-3.565148	14.242733	-4.2859564	-1.4786661	0.79042953	-8.417986	-1.2279825	8.060768	-2.6422155	3.088372	-3.5755591	-3.235414	-0.5602052	-5.020132	-7.19345	-12.64833	-9.509797	-4.2872515	-2.1953394	-0.82674974	-3.413786	-7.295486	-7.5245104	-2.951323	-2.6810725	6.9661303	11.525634	134.64562361064458
-196.4367	120.113815	-97.02484	5.672731	-46.744442	22.25161	16.189493	-1.4164597	-2.5840678	25.237522	-11.967117	-8.288829	-1.0892286	8.763304	12.208243	-9.70509	2.1316562	-5.7121696	-0.19460988	14.157101	-6.5284443	-2.6623063	0.27467912	-4.720375	2.1235492	5.667112	-7.3628635	-4.793126	-10.620698	-7.517486	-1.9472548	-2.963803	-5.5083976	-8.878689	-7.427775	-6.1170545	-5.005258	-2.3853717	-2.0680275	-1.5530481	0.16677082	0.12369852	-0.46037912	7.472495	14.4341345	135.25559205557295
-194.89345	117.02997	-95.71182	11.899488	-36.827724	24.97892	15.448428	-4.6408377	-5.3701444	18.232128	-16.008116	-8.471028	0.18526748	8.844845	10.979828	-12.869095	-2.7601159	-8.162675	4.119702	20.012066	-3.3159807	0.88810503	0.7744609	-6.090397	-0.58781457	0.9656491	-10.625391	-6.7518916	-8.242323	-2.6908233	0.90272653	-2.7404895	-8.298064	-10.664223	-5.338958	-0.3406797	-0.655505	-0.37187853	-0.68221736	-0.657387	-4.434244	-9.468464	-9.688053	0.15953314	11.246408	135.4804640596319
-196.62434	112.52878	-100.42799	6.359887	-42.684402	27.129189	19.423662	-0.842003	-0.7640214	22.715582	-17.510883	-16.456814	-9.085297	1.8482238	2.9440486	-20.342155	-5.9709835	-15.174475	-1.2380962	14.598099	-4.3805513	1.3341875	-0.092999935	-4.3952312	-0.9900109	0.14329904	-7.9917936	-1.5885832	-4.0055656	-1.5466309	3.3825793	4.5578346	0.30637223	0.066031516	2.2174184	2.8995028	-2.537815	-3.2198474	-4.8444147	-3.3420827	-3.88243	-5.322546	-5.1536264	7.612271	18.660095	135.72655599193936
-184.65767	114.77208	-80.660965	11.894726	-30.000721	22.39373	15.289331	-11.421358	-2.914569	18.157265	-12.773724	-11.999701	-1.952544	8.850643	10.675588	-15.446831	-3.4095573	-13.753408	1.0475626	9.802438	-11.233583	-2.151103	-0.97986645	-7.588676	0.4934302	3.5751154	-3.0159504	0.1692404	-0.00046241283	1.8582335	3.383605	-0.021401882	-3.418449	-2.84087	-1.4257741	-0.98252094	0.88053465	1.5221536	2.6134758	1.731234	-3.3720183	-10.582958	-12.634841	1.8056495	12.711179	135.8427416795391
-175.34644	95.3517	-82.07408	3.0760903	-33.150547	19.974049	10.502836	-14.0595255	1.4735361	8.782277	-4.766965	-14.093472	-3.843266	2.9405954	1.4747809	-10.786196	-3.6827064	-8.032208	5.8202724	5.5054584	-12.115739	-7.883956	-0.9879826	-5.284184	-2.6019466	5.288868	-4.4446073	-1.9261659	-6.350873	-7.974197	-1.2103385	-3.2109766	-5.8665504	-4.006913	-0.8386882	-3.8330653	-6.481023	-2.343915	0.69427395	1.3345414	-2.4281468	-7.4622636	-7.0518436	4.0473633	13.090066	135.88156422283998
-178.68217	106.642586	-88.51553	8.751182	-33.90634	22.34559	12.705927	-17.60135	-10.646735	12.30525	-11.830339	-4.317899	5.444578	9.777738	10.106417	-15.864193	-0.7342323	-4.8852296	1.5174234	10.474312	-5.859456	3.044547	-0.9817999	-6.702663	-4.8123927	-6.8480253	-8.416443	-3.7114587	-0.13987136	-5.022833	-2.9222417	-5.3831987	-9.257181	-9.197716	-1.0520782	-0.7573712	1.8557392	1.0580373	7.2453146	1.326494	1.5248107	-5.8278956	-6.245974	4.15209	12.578769	135.22207204686308
-173.95198	103.05679	-82.431076	1.4734043	-30.648567	21.290218	20.733662	-5.2872486	8.334439	21.053349	-5.369193	-5.7193356	4.950023	8.899298	0.33668315	-12.258034	4.205296	-6.563089	2.7127347	11.1679325	-10.491974	-2.6457987	-2.1706393	1.0984745	3.7956226	3.37437	-1.7716622	-2.6856856	2.6386116	-6.1879654	-0.41531038	-3.5594444	-5.864545	-2.6957407	-5.2958045	0.26792228	-5.178939	-8.702405	-5.1784644	-0.4497783	-0.2958547	-1.7529094	-6.1024	4.644805	10.302349	135.09928097046355
-197.1139	113.81961	-103.22142	19.719501	-37.541256	33.135563	5.41593	-10.502963	-11.340965	23.500502	-6.5766687	1.5454161	0.16586003	2.4068313	-2.3441405	-15.367451	7.245025	-7.9409947	1.7714019	7.7862005	-5.9669037	1.5365703	1.7968695	-1.8966463	-4.845928	-6.7454133	-7.1789613	0.043957353	-3.0044317	-8.362908	-2.9632406	1.5018241	-1.4677752	-7.889361	-11.576412	-9.495628	-7.6124067	-4.716613	2.785746	0.4554963	-4.636537	-9.379766	-10.707542	3.1929622	14.553453	134.0995651366453
-197.46242	104.01878	-89.39548	11.298113	-30.100899	31.289059	23.277735	-4.66637	-1.7840829	19.146152	-6.626092	-7.1284156	-3.8153224	2.514536	6.543856	-5.7008047	9.072573	-10.3022785	1.4991498	4.9927425	-16.096552	-6.005247	1.5865635	-0.24655807	-4.725092	-0.18275523	-0.068957925	9.819799	2.317756	-5.928397	-4.717407	-6.890256	-4.848839	1.917777	2.3419333	5.557229	0.41638154	-5.095998	-6.571275	-4.745398	-4.3508253	-13.916331	-10.940289	-6.399967	8.363359	133.52883552775688
-202.57219	111.909485	-97.183685	12.430095	-34.431152	31.335337	16.6302	-4.644886	-4.7575073	19.08929	-1.8208637	5.181965	4.2917967	2.2631934	2.556256	-14.905971	4.0498943	-5.836913	6.4041452	2.2657235	-14.746588	-6.6368556	-0.35169077	-2.3219814	1.1090522	1.9769936	-4.57165	3.935152	2.1201615	-4.8715687	0.9218241	-0.01004982	0.02876079	-4.125775	-7.2353363	-5.5687156	-3.4947932	1.015155	-4.069024	-3.7324724	-3.284955	-8.309915	-12.931152	-2.6265182	7.238261	132.94878604545642
-224.907	107.57333	-108.223236	18.873152	-39.734062	28.062113	2.614884	-7.0536337	-9.772888	24.865417	-3.688791	-1.3396283	-9.036381	-7.90949	-3.495162	-15.864288	1.2968054	-14.240782	-7.116269	-7.144191	-20.387001	-5.5071545	-0.68272376	-3.908463	-3.7473757	-6.768487	-6.9949203	5.0775404	0.8112923	-2.6538584	-4.125824	-11.505912	-5.812353	-4.865259	-0.9321017	-4.9790664	-10.804283	-16.018772	-10.851238	-2.3984272	-0.19024694	-4.2632017	-13.698172	-5.854479	3.5920205	132.09912030946018
-219.51234	118.50412	-103.703735	16.352316	-35.004932	33.47217	12.198547	0.9673785	-6.0734878	12.2068405	-6.7845497	-3.002862	3.0082526	-1.1666894	0.8695514	-25.671818	5.023353	-10.113176	1.7551646	4.056036	-8.327559	1.3365571	-0.3609501	-6.462679	-6.0101347	0.96918064	-4.721754	-0.791659	0.6461152	1.1964124	3.3903828	-2.9280922	-4.4244003	-4.10057	-1.7053058	3.9021888	1.3294191	-2.892273	-1.5248277	-1.5786693	-5.292361	-10.046132	-12.477678	-3.091311	7.3123035	131.58142669912885
-216.17773	115.99908	-82.29695	9.299665	-31.827839	29.140121	10.000362	-10.67799	-9.812228	13.172495	1.7655696	-5.041155	-4.885026	2.0172698	-1.9023757	-16.020649	4.5473776	-13.386318	1.1700239	4.088827	-10.44937	2.6171083	3.6258624	-1.9816856	-5.603266	-3.8119187	-6.7630005	1.4078817	3.2700171	1.9797338	-0.10878056	-3.5497155	-0.49319488	-0.08861661	1.3551128	1.4025402	1.1477522	1.601477	1.9475241	4.150757	4.2720065	-1.4491321	-9.19349	-9.130373	-5.5789824	131.12248531471732
-197.97551	94.288345	-52.9633	-4.661997	-18.075722	21.950356	15.414747	-12.549473	2.9102113	12.290825	-4.3921423	-0.2266534	2.9798179	7.09999	-6.1384144	-11.651204	-1.8596543	-7.89913	6.574778	3.616613	-9.608774	1.9293544	5.573099	-2.2609763	-1.6122353	-3.2969675	-5.660177	0.4420141	-0.29783702	0.98849744	3.1072521	-1.1055839	-0.98530495	0.4287331	2.6721818	2.7053695	0.5396258	-0.73525274	1.4044821	4.851185	3.093717	-5.1435137	-11.660216	-10.575726	-9.535238	129.89427571632615
-240.99397	106.78636	-78.54997	13.484274	-26.526579	22.00469	12.764349	-8.269487	3.5828955	9.875577	-1.9261324	-3.9149263	-2.8061223	2.8870165	-9.927186	-16.694897	-0.6175815	-9.434742	7.985183	3.445297	-12.312279	-3.115884	-3.351427	-2.50462	-0.94589764	-4.5863132	-9.518389	1.8997638	4.730641	2.591599	0.81973934	-1.4276537	0.01753658	1.0007387	-0.4800794	-1.4584608	-0.68003035	0.6192731	-1.8811885	-2.934852	-2.299088	-3.3040142	-6.011627	-7.551543	-3.6921334	130.13304217477545
-249.56702	97.65349	-64.375496	14.900896	-19.754532	20.560303	7.0143137	-17.373264	-3.2789385	15.536186	0.617078	-3.5889094	-0.8171766	4.4646425	-5.909188	-15.0486355	-1.7902507	-13.051376	0.3471527	-0.5088061	-11.678975	4.260483	5.954885	-3.0926425	-8.441167	-12.965077	-9.843526	6.6281343	9.983999	4.629862	1.4585387	-3.9498487	-5.741082	-5.7657204	-3.555987	-3.2954075	-3.1432674	-1.091677	-1.4300137	-0.59261656	0.10652663	-1.2107936	-5.55728	-6.221919	-0.4566617	129.99507586417855
-256.1924	110.420685	-63.303215	8.54599	-19.342209	20.129562	9.755374	-20.409431	-4.8773394	17.751087	-0.6865903	-0.059139907	-5.3666177	1.5703541	-7.1624765	-12.822869	2.6508827	-10.00056	5.308525	1.2627789	-15.744398	-0.92734396	1.6528417	-3.1885962	-1.6264222	-7.845802	-8.87277	3.147474	5.4139967	2.5166178	-0.14534736	-4.9604917	-8.831557	-7.42085	-0.7599504	-0.8791555	-3.0623026	-1.2866535	-4.434596	-0.0023518205	5.1082077	3.4472575	-3.4753184	-5.6589355	-5.4519196	129.0397440578862
-276.8617	140.47827	-88.90986	27.49371	-23.87195	17.7109	-4.4070096	-11.133376	-5.8401937	9.51947	-6.447768	1.9849198	-5.8610573	6.766359	-7.2260303	-17.000294	-0.92277384	-9.575628	6.2429504	0.06266457	-11.198231	-3.8980334	0.39171875	-4.7468987	-0.45726186	-5.1164093	-7.3499513	-4.0689325	-2.2343206	1.2218838	5.40219	0.49600083	-10.494295	-9.764691	-6.696437	1.4737369	-1.0057065	-1.3172543	-2.9673004	1.0001087	4.566474	4.456333	3.7272668	-1.3125241	-1.9682469	128.93714459614438
-302.01337	147.44508	-85.48564	20.42144	-13.994165	17.369701	-6.292368	-10.157045	-5.0995083	8.746197	-2.8286088	-0.05678141	-6.228587	2.0910137	-7.897339	-16.052692	1.3554051	-5.7494373	7.950051	-0.4026102	-11.926973	-7.4769135	-2.1695757	-5.917102	-3.3796206	-4.053207	-11.126734	-5.019559	-4.552967	0.26248693	4.1908154	-1.4602773	-14.5997	-10.162287	-11.094756	1.5099878	-3.5012922	-3.718415	-4.693672	-2.2019272	4.6515245	2.88101	5.615737	-1.0568202	-5.296892	128.38881339082624
-315.85184	145.92319	-68.00374	1.7021894	-1.4075845	9.244514	2.2654574	-8.048731	1.0191473	7.255435	-2.186895	0.1586961	-5.695797	7.560348	-5.1545997	-13.135809	2.9100568	-4.7752314	6.57286	-1.9619236	-10.732915	0.69299823	-1.9055622	-1.5976937	-3.1590233	-3.597036	-5.6635036	-8.413057	-2.130133	2.291067	6.4088364	1.3645582	-6.9527507	-7.073605	-7.871925	1.2658141	-0.4852453	-2.0416262	2.9736805	1.3245096	7.816908	5.7582273	7.8263826	2.4062173	1.4989824	128.86726541735015
-337.8096	135.11621	-52.24546	-6.9237843	1.2788852	14.681203	4.1020827	-5.7130814	2.2793813	12.659405	-0.73358893	-1.8287048	-5.1787586	4.409816	-5.8858404	-7.321981	0.29306668	-3.1083503	9.379385	-3.6142006	-9.284417	-3.3027713	-6.853286	-0.5128221	-0.7278433	-2.7534814	-6.446658	-9.573995	-4.0106516	-5.23136	3.6429868	8.294677	1.0563838	-7.389575	-9.820014	-3.2022302	-3.652101	-2.4554594	-0.9782777	3.7672048	3.5737507	1.9944667	3.9876719	3.2294965	1.8655858	127.86393875672054
-377.93857	142.85678	-56.55727	6.9552574	-15.666166	34.21973	10.195183	-3.9243274	-0.6735606	21.668636	7.0600066	-0.32526386	-4.117893	-4.9584436	-9.326431	-2.3101776	8.243939	0.00665015	7.987322	-10.789125	-13.991896	-1.4315094	-7.0913506	-2.425765	-5.2448826	-4.0449715	-4.019699	-9.918539	0.09891486	-3.2963333	5.8633685	-2.2072833	-4.367585	-5.4929543	-10.393923	-0.8961616	-0.4136654	6.405984	-2.114625	-1.3279303	-3.5763628	-6.1278467	-3.937514	-4.959193	-0.11902404	127.53881115313658
-404.4586	123.1606	-43.13741	-2.5433254	-1.440995	36.335793	6.0645742	-14.411748	1.7328012	28.36813	12.273861	0.2685938	-3.5789726	-7.056687	-14.930704	-4.4422703	-3.2691596	4.547325	13.535606	-12.127214	-9.928671	2.7142482	-13.462416	-2.4043274	0.08190501	-1.2258103	-0.34260178	-9.900597	-9.558346	-12.709661	2.5864506	-2.2456956	2.1774545	4.5450163	-8.623805	-6.0203714	-4.753791	1.9603451	2.5516665	4.444466	3.8416843	0.5807632	-0.84173	-1.7797072	5.526763	129.49907335391725
-439.65292	125.30362	-19.646465	9.242083	4.846332	19.236107	-0.9762922	3.3102617	5.581876	21.004826	12.93372	14.779707	15.50218	-9.489606	-14.062346	-5.2053156	11.047575	16.102398	8.290549	-11.040594	-8.88208	1.2624248	-7.4147983	6.0805387	2.5859485	-11.194641	-8.904604	-3.126135	3.708975	-3.1738658	-3.3859115	-5.269704	-5.230094	-4.419036	-6.752035	-7.792934	-1.9848198	5.0546103	-3.9131005	0.50051355	8.946779	-0.3333519	-0.029639006	-4.621722	1.1191999	133.6349402176499
-491.01205	128.53499	-17.025452	17.018757	11.916084	30.2047	8.054422	8.128939	9.242348	25.721924	5.530513	-0.6641903	-2.6228924	-8.16208	-12.612392	3.0984185	10.487152	4.226799	7.801672	-5.9200315	-4.102316	-8.892744	-13.191971	-4.3684325	0.28592923	-7.300145	-6.6833467	-0.23986277	-3.306742	-9.876358	2.0461943	-6.1851068	-12.040464	-4.3508525	-4.2288938	-3.2700644	-0.5224041	3.6041179	2.8655303	1.3448567	2.549358	-3.5350559	-8.818581	0.282035	7.3335443	0.0
-516.20636	123.79804	-18.948536	20.319038	15.490326	39.668808	20.060345	11.828826	2.646363	20.631662	-1.1832689	0.93119645	-0.97171354	-9.559628	-5.6181564	5.7354293	-4.5381336	-3.9607096	13.602825	1.0958118	-3.2797518	-10.754963	-7.604797	-3.0090637	-9.877211	-16.192663	-6.6039324	9.892547	12.559118	-3.2282908	5.4104896	-2.4530654	-9.125484	-8.3062935	-1.7769471	0.16282177	-0.77949494	-0.07279909	2.8633895	2.594539	2.6064785	2.0210104	-1.8851497	5.7415066	13.495198	0.0
-537.7477	116.10015	-14.817616	24.725594	24.524559	43.010906	16.680187	-1.704548	5.392854	20.766548	4.9288397	10.077877	6.7191777	-0.8161645	-0.3867826	-3.8677542	-3.5355363	3.4129689	2.2350218	-15.234404	-8.219228	-7.171245	-0.8448958	6.935622	0.40067077	-12.534441	-5.064737	4.4046392	5.9610863	-3.51972	5.317092	-4.935333	-9.442173	-12.817726	-11.624399	-0.93037367	2.1540406	5.2660103	-1.3461666	-15.198059	-2.287693	-0.55360913	2.1721091	5.3075895	8.276365	0.0
-547.462	118.693085	-13.749912	19.328846	22.161722	38.390747	12.043457	-5.474451	6.026073	26.409843	6.6786337	2.9684083	-7.29152	-8.360972	5.017643	1.289242	-0.09875178	1.9582596	1.6177269	-11.046576	-2.3009048	-5.2842293	-6.6043987	1.3974907	4.146893	-7.7997255	-7.57867	-1.7662475	5.02017	0.4120251	5.968505	-3.7433782	-1.2825851	-1.588965	-3.8488646	4.370489	-2.2562628	4.1664877	0.20476317	-4.042799	3.3263059	4.621586	-3.3049984	-5.0169697	1.8760505	0.0
-561.88306	110.23818	-23.135433	17.455648	19.621414	38.10694	16.946947	-2.8808815	15.678246	27.785847	12.549515	6.2568264	-5.3922987	-11.049934	-0.49841738	1.2153637	6.2262254	5.378476	3.8286228	-6.709463	-0.252128	-2.3419502	-7.448147	3.9529996	6.570994	-6.2818604	-2.5617094	-1.4569625	0.026971817	-4.2757387	3.6478262	-0.972944	1.390512	-0.06991482	-4.785372	4.8585615	-0.9879301	1.7509267	0.21411872	0.47918606	3.8659353	5.723333	-0.11544523	-5.0172596	-0.10448003	0.0
-580.04297	104.12146	-26.621632	14.809608	12.909365	27.179539	18.897987	3.637886	23.722567	29.732822	9.441667	4.334767	-3.9346848	-4.744658	1.5335717	-3.307237	1.5509248	10.102552	12.450423	-3.1497533	-7.032709	-7.115408	-7.5446787	13.775215	14.178088	-5.3642273	-3.3585432	-8.7886715	-7.040904	-4.7139044	-1.9449475	-1.193568	1.3463898	3.0922222	0.16887629	-3.6316762	-6.884763	-2.5751958	5.2463527	7.2550526	-1.8063765	-7.125766	-4.738263	-2.5603514	7.6071353	0.0
-583.9717	104.524734	-26.268528	-0.17647398	11.258417	35.65941	27.047218	6.4635863	29.285793	28.569843	6.5705395	-1.934416	-6.936905	-1.670831	0.90318847	-2.2504926	5.8928795	7.4836316	4.945739	3.0263395	4.0812693	-1.9880444	-5.184162	14.435505	8.196987	-1.0394492	3.9652488	-3.644499	-2.0745544	-5.9058194	-6.2264414	-8.198577	-4.6865153	-8.155748	-1.9347079	5.231925	0.05985236	4.9528327	4.2892833	-1.4307678	-2.2911744	5.1012154	2.6728125	-8.090122	-4.4924192	0.0