-619.7259	150.2796	44.545357	28.945824	20.166332	21.385502	19.370281	-1.6851892	-12.34576	-8.304244	-5.828745	6.923616	3.889771	-5.5186777	-3.8063138	3.7429965	2.2991743	-6.965289	-7.6845546	0.9999909	-1.2044382	-9.072861	-7.0375123	2.4700377	2.7574577	-1.2100359	3.9197438	3.6685488	3.2115583	-3.1935182	2.0135179	-2.2162545	2.1652048	2.1902158	3.2587452	-3.1572618	-5.1395974	2.1898842	-5.273217	-5.5548334	-1.861623	0.29621863	-0.38131052	0.23200202	2.364211	0.0
-591.88257	155.4809	26.604027	26.291225	13.275833	20.308563	34.08493	12.018704	-14.819396	-12.332102	-3.91849	-0.9125614	-4.583517	7.690034	-3.5570023	-16.9305	2.5331037	0.20020674	-6.427444	-2.8093555	-6.557505	-13.483654	-5.956307	-6.8442326	-7.940857	0.08267981	3.8281074	-5.8235273	-6.19497	-4.3804855	-1.4622753	-3.9733531	0.22123569	11.042668	11.635998	8.429232	5.485387	2.079869	-1.6225518	1.015737	1.610105	4.6628523	5.9272957	-2.8309424	-5.7638817	173.89853798871619
-393.8323	157.23965	-17.940916	24.31203	-33.944084	29.42521	29.669704	-5.169921	-27.085365	-6.819909	15.3965435	5.146133	-14.837677	1.5652341	3.3412824	-19.203981	16.124327	8.027176	-15.173878	5.590685	-8.577107	-10.026389	8.47558	0.12955725	-1.5291077	6.9067426	-3.2248106	-1.7779529	-15.0468235	-2.5852945	2.483859	-2.3407617	-2.4766407	-2.1412578	-7.0941978	-0.8060241	2.6393073	6.4640045	5.9974556	10.431184	-1.0102105	0.62038577	2.9168115	-2.3480384	0.6949078	169.75339100287837
-248.2898	122.04791	-44.45942	0.20308933	-27.322155	-1.4681556	-10.073291	-21.386747	6.7959666	-1.0414816	9.002834	0.3118224	-14.617341	-3.4485564	-11.796886	2.2830591	16.896969	-2.667901	-0.23639457	8.159401	-2.7436903	-9.355825	1.5733619	-6.7759886	-1.4319535	1.8474898	-1.6270308	0.33780015	-8.123228	-4.5665083	-3.9294138	-1.7881515	4.6548524	1.9139781	-10.817273	-8.840988	-2.166905	1.5445207	13.332624	12.86892	3.4414983	1.112414	-1.992044	2.9418864	5.6857743	0.0
-228.87148	133.64493	-55.986195	-4.401268	-41.093636	9.5944395	9.402217	-15.024291	3.349402	13.714542	11.393344	-9.50279	-17.166113	0.6606293	2.4894645	-7.410931	12.927132	3.7756329	-6.262743	12.821627	-9.40022	-3.0909228	10.377481	-4.4651856	-1.1584249	-5.8952875	-2.6572495	1.3196875	-9.28138	2.43678	1.5755315	-9.611183	-6.8487716	-4.817752	-3.1709638	-6.687418	-5.2556286	8.445613	4.5250993	-4.6983566	-4.8910885	-0.0039743185	3.5934007	-0.8519433	5.234398	0.0
-224.35234	124.70795	-58.776947	-2.276647	-43.62055	9.587117	8.877087	-6.606473	11.210789	18.149818	10.1375	-9.659349	-12.949246	6.479964	7.3913145	-2.7929885	6.542157	-1.0342202	-8.081549	11.335579	-10.144377	-4.2026005	8.25413	-5.3034763	1.9391707	-9.341558	-1.9279709	5.5004573	0.2381903	-1.6516073	-6.734662	-11.25823	-1.8410167	-9.797227	-10.156264	-5.343676	-3.332824	5.141944	1.7095286	0.27429152	0.111860275	0.017475605	-2.1444998	2.9282918	10.009874	0.0
-233.72662	124.53313	-76.23576	4.989287	-42.211246	20.272152	17.132727	-3.2105875	7.928936	16.64133	3.9537506	-16.569033	-14.159077	3.9683628	4.996702	-5.3674107	3.2260165	3.6191711	-13.532837	17.012136	-8.367643	-0.41275704	11.861293	-8.192074	5.5435495	-13.704746	-5.9321113	-5.0991297	-4.7248616	-4.3136044	-5.2381954	-9.269421	6.306184	-5.9032183	-5.4397383	-0.9056064	-5.9529343	1.269762	-10.448934	-7.5549536	-9.388092	-6.073407	-3.5494413	8.04526	19.882723	137.06396821915104
-219.12614	120.059006	-88.26051	7.1213894	-45.050003	21.652802	10.642477	-4.2324495	6.9565516	5.153838	-1.6132096	-9.102583	-7.036713	2.7609556	-2.6946628	-4.013703	-1.1081916	5.7776794	-8.655851	17.018398	-6.3725805	-6.678501	13.218725	-9.006155	-0.4863739	-16.519508	-4.428774	-9.258551	-7.2775707	-7.2574167	-4.795353	-5.1285696	0.5972111	-5.739624	-8.406863	-0.28265524	-2.1436737	6.1217413	-3.7241309	-7.560796	-6.855119	-4.234863	-0.830809	11.521227	19.450468	137.05434132603548
-217.15858	109.71146	-81.90526	-1.176101	-37.968216	22.644978	14.76745	-7.8887625	6.3894134	7.402274	-2.2581549	-16.47532	-10.979468	9.532671	0.5864148	-9.665272	-4.270561	-1.1423204	-13.609188	3.1319997	-23.231827	-15.804909	11.247124	-5.852538	9.67638	1.7999297	4.113495	-0.514876	-4.3677635	-1.8892834	-0.1588974	-2.796882	7.3623595	-4.580903	-0.4639187	2.3240047	-8.560577	2.89358	-2.0363736	-4.602131	-9.160206	2.412443	4.8283567	8.318045	23.531971	137.55063979553773
-219.93756	128.11255	-88.31085	7.320219	-38.324234	24.718048	17.132248	-6.1262035	6.209292	7.648329	-0.8622575	-11.3161545	-7.875132	15.618519	-0.7488582	-2.683426	-6.4013433	0.71337986	-16.86845	9.388006	-10.98851	-8.341015	11.482439	-6.984347	8.454038	-8.140395	-0.36075786	1.6794671	-0.88827467	-3.3825357	-2.5023384	-6.3696265	3.9541483	-5.41763	-4.744581	2.0816529	-3.2094164	5.3016143	-5.342046	-6.3491616	-6.7064652	-1.8459656	2.9609199	13.8483715	20.388142	138.37647542088501
-227.56612	128.2384	-93.36439	1.619385	-47.3011	19.924208	10.739193	-13.12731	2.2736843	7.4443913	-3.7871141	-16.584345	-11.1137085	12.989477	-6.196331	-6.8533926	-12.615721	2.5079982	-15.195387	7.3856616	-15.220095	-12.791146	10.795593	-10.245151	8.04929	-9.666536	-4.0422873	-5.4277153	-4.1706963	-4.692427	-4.9546566	-10.024245	0.317523	-6.246791	-8.858613	-4.1571794	-10.367481	0.014459372	-5.462097	-4.767457	-4.752843	-3.0266347	3.3270655	15.035768	20.641783	139.36142292286897
-214.18346	134.18536	-91.71796	8.574042	-43.752457	21.962679	15.972715	-5.5364113	5.1357336	5.079026	-4.6548443	-9.630204	-9.211899	10.273611	-14.023405	-6.148452	-9.043774	5.761268	-14.594594	6.2770004	-10.109203	-4.5544214	14.813847	-12.565492	3.3031027	-6.8571105	0.85185885	-1.5732709	-8.637453	-3.0877094	1.9065218	-2.7453115	0.94912994	-3.4803224	-9.013175	-3.277203	-2.3457248	2.207595	-8.53993	-10.40065	-4.4193373	2.4492223	8.257149	10.1500435	12.989067	139.40895329196002
-206.83006	114.59529	-76.50223	-2.3182583	-21.07996	18.47964	20.402155	-8.353525	6.820487	0.611973	-11.069593	-14.197216	-9.032832	14.789508	-4.0216846	-6.99859	-7.159382	-1.7687205	-1.8326535	8.714074	-5.06146	-9.180666	11.197348	-7.087076	2.9728446	-2.8038945	-8.960716	0.4658476	-2.824418	0.06117791	0.202178	-2.762732	4.9857264	-1.0092437	0.5281435	3.0662088	-5.031383	-1.1504402	-6.53214	-10.519695	-10.624565	-2.8693256	2.222629	17.281801	18.715765	140.2661071509502
-213.21028	128.56308	-86.08122	1.8531832	-26.881042	22.338257	20.747072	-3.8748887	13.221352	8.830925	-7.0091257	-14.323753	-2.7272515	14.422823	-5.4803815	-3.0620131	-2.5107017	10.173231	0.044789553	14.431894	-1.2210797	-4.1850204	16.614159	-9.800134	-1.1785035	-7.555954	-10.935742	-6.2384872	-7.412199	0.42389315	2.4957356	-2.1522546	6.968324	-2.7749627	-7.0957375	-2.6578982	-6.606036	-0.9798733	-8.078955	-8.241556	-3.644184	3.0209208	7.435114	16.150381	13.093306	140.42004919712164
-214.8095	121.13778	-89.445786	7.820386	-35.23487	17.165726	12.682273	-17.049313	-7.88446	-5.6852717	-7.4318986	-5.688261	-4.6222277	12.420523	-13.421211	-2.108767	-17.660885	0.47101915	-5.7739305	9.494869	-3.8595948	-6.0238934	9.943562	-13.325256	0.48101765	-5.1943016	-4.5630565	4.068072	-2.4250655	1.50032	-3.1556423	-2.5853953	-0.22120142	-8.389138	-3.2052817	8.131625	5.5848293	2.0289872	-0.08568859	-7.438506	-4.8859377	-1.1253197	10.389709	21.240551	20.525675	140.27340881412476
-220.92612	121.95668	-94.38036	4.6677113	-37.457733	24.666607	18.38234	-1.4641854	9.258686	10.1419325	-10.261386	-11.793694	-5.843417	21.432684	-8.799646	-0.13001639	-15.840434	3.8605883	-13.30612	1.5883758	-11.9890785	-14.821276	9.813429	-11.75684	5.340605	2.0276995	-5.6604967	1.1608537	-5.6159406	-2.1415973	-4.5263543	-6.2693243	-0.2833755	-6.02995	-5.27087	-1.6719537	-10.042276	-2.1328192	-5.5739903	-13.121708	-8.689903	-0.09587884	5.281845	22.360615	19.776499	140.5345068790107
-214.14383	117.579994	-82.373985	1.0065352	-28.641449	20.500782	12.111454	-9.471241	1.674618	9.788691	-2.316814	-6.047951	3.5834982	18.491444	-6.339678	-10.659491	-4.2296767	2.2202747	-7.3557143	3.517506	-6.5038147	-7.5398073	8.84096	-11.713541	1.4055213	-1.5967357	-6.8587227	-1.4734898	-5.4448504	-2.243482	0.30173552	-8.693297	-4.616802	-12.954634	-8.16432	2.3214195	-0.696053	5.0894985	-5.4637384	-10.222793	-5.09913	1.8772948	8.140705	15.234211	15.963368	140.25771664725698
-225.23526	125.988014	-85.599304	2.2753203	-36.194023	15.112688	11.659843	-10.80864	2.4688463	7.8551383	-12.679062	-14.824951	-8.501087	19.031786	-6.7607408	-5.5758343	-15.021614	-0.16163892	-7.521634	4.646737	-8.997004	-14.55444	13.695177	-8.671539	5.185985	-1.2493708	-7.0492773	2.4449282	-4.222205	-2.6032803	-1.1198049	-5.4481535	2.3341558	-4.705784	-3.7052393	1.1835124	-4.769578	-0.48890853	-3.5312095	-4.0227757	-1.9482713	-0.498083	6.1823483	22.457932	19.912752	140.22739802489968
-212.18295	121.41441	-80.120285	7.8123255	-26.327045	16.94376	11.561926	-11.68368	6.6053476	13.89547	-5.736677	-12.818457	-6.634583	14.498772	-11.599184	-8.357712	-9.170979	3.1131861	-8.681637	4.324165	-3.9272685	-8.984371	11.521775	-9.897878	7.316133	-0.63892967	-8.819347	3.0893793	-3.1519663	-0.9831431	0.88719225	-2.5342007	3.0177364	-7.899647	-7.6717086	0.17801118	-0.8132041	1.4847999	-1.5126355	-6.6300416	-8.614477	-3.190815	6.4558344	22.767242	18.970776	140.13953635316113
-223.2633	100.183075	-75.27233	-7.1936526	-27.7654	7.1338716	7.063451	-23.063889	1.5502639	-0.9098284	-10.067656	-16.806705	-3.1692104	21.32776	-4.5596104	-6.477128	-7.4666195	0.9910052	-0.043117642	5.7002525	-6.503028	-6.0045624	9.545063	-8.047237	-3.4200268	-2.5887487	-9.119901	-4.9658546	-8.988493	-5.236027	-1.4446847	-13.241782	-6.828212	-10.01815	-3.4124265	1.1771206	0.5294814	4.75509	0.31636834	-7.168599	-9.767874	-1.4187319	5.3303213	17.61924	20.593605	139.57263138655028
-227.8187	126.40553	-76.04802	7.950101	-27.186451	18.657465	13.339711	-8.900219	7.2613754	11.333536	-4.132068	-9.036085	-2.0032175	18.105076	-5.7029543	-4.721031	-9.883743	0.39410496	-3.1090078	10.004656	-1.9118956	-6.5062385	14.002333	-13.657495	-1.9074221	-0.3258878	-2.337556	0.94826686	-7.560113	-3.6299152	2.8580585	0.6213274	0.3945626	-10.791433	-8.812105	1.5418315	-1.6407179	2.1682034	-1.517477	-6.4241242	-6.819671	-3.9890947	2.2062323	15.799986	15.8077345	139.19159531572762
-209.82857	112.732056	-71.08288	3.552312	-18.641445	14.269165	-2.631721	-19.184776	1.9257019	1.2042544	-9.923966	-8.773815	-2.774114	14.481981	-5.776247	-9.254085	-5.0208383	-8.934633	3.7586668	5.4457603	-4.8040876	-10.399992	4.122648	-8.819895	-1.5341918	1.5833375	-4.256752	-1.525249	-4.14237	-1.6218386	1.901831	-5.190426	-3.1073537	-7.988798	-6.8895226	0.07564926	1.8931957	8.914137	4.2725096	-1.5906955	-11.925315	-6.4451566	0.703668	15.005709	17.385244	138.8015640836011
-221.0983	115.534546	-81.973175	3.418334	-22.438755	13.904613	11.7148285	-10.912781	7.6352253	8.917174	-8.640694	-7.4060993	-0.5648713	16.875631	-4.6429768	-10.927039	-15.155682	-3.1711783	-5.1330338	3.5017986	-10.034128	-16.520782	6.2896924	-11.590843	0.9564231	4.4813137	-4.1102095	1.3709952	-2.554452	-0.62662995	1.5127673	-9.765462	-1.4665103	-7.8445177	-2.3380585	-0.7113383	-7.0567546	0.4160216	-3.3359995	-9.697732	-6.041294	-2.7914147	0.2705419	17.875633	17.379333	139.37388605886116
-240.96523	115.97033	-90.6879	0.47870252	-24.240177	21.14978	11.665136	-14.532178	0.090688646	5.304388	-5.5243006	-2.6520255	-1.2987285	14.080248	-8.171885	-13.2301445	-11.974785	-3.1001048	-11.394293	-0.4310404	-10.88365	-15.44109	0.27345848	-17.090511	0.39534295	2.2083113	-2.783759	4.2382393	-5.8808527	-5.131851	-2.389408	-11.357063	-3.9605508	-9.381902	-7.0923967	-0.88139254	-4.6166196	1.119794	-7.4769707	-13.004418	-9.705996	-3.4576478	4.733624	16.129538	15.671204	138.93795097021263
-250.49547	124.196594	-94.37584	8.582333	-26.749863	21.80737	8.295737	-14.51903	1.036215	16.287186	2.426237	4.844165	-0.91012084	22.956993	-7.8035865	-4.8713064	-6.930043	12.711544	2.5276985	12.464899	-5.7025332	-11.468716	11.26075	-10.585884	5.0135517	1.8332069	-9.248573	-2.356035	-10.580982	0.30828363	-0.6644095	-10.6159725	-6.375514	-11.549229	-5.1564517	-3.5841393	-7.375941	4.8066278	1.3473475	-8.482185	-6.8305616	0.9887851	6.1762333	17.750479	22.687454	138.63013956635146
-238.31108	126.98018	-84.76947	11.251465	-25.746353	23.423477	11.334269	-13.430634	1.6949289	13.298992	-4.8215895	-3.8089511	-4.5895853	23.73952	-9.003078	-6.755082	-9.74542	7.0781813	-3.431366	10.212475	0.11979401	-7.5454903	5.591579	-13.684884	2.6307898	-1.3490564	-5.1998467	2.8407116	-3.7511759	-0.03190297	-6.221711	-7.4309483	-1.6478099	-3.1892738	0.38886464	1.5529337	-4.0378366	2.865573	-7.7970867	-1.400415	-3.4403062	-3.3254366	1.9897592	16.814814	19.769775	138.45939504739383
-241.35324	127.938416	-83.233864	15.079089	-22.526207	23.771177	8.686377	-16.237408	-2.614222	11.011469	-1.4295055	-1.6042676	-8.759325	17.579433	-15.162315	-8.058971	-12.821854	7.4131613	-0.12080309	9.970036	-8.221041	-8.961695	11.685488	-11.98835	2.1954083	-0.23678623	0.15671021	3.0799284	-7.163105	2.9754655	1.145055	-0.5920146	3.753004	-3.4798954	2.6068113	3.5749197	-3.8282259	8.789744	5.124078	-4.893265	-11.950687	-10.856124	-4.635021	6.4760447	14.5003805	138.28002856784101
-250.21774	124.00469	-81.19705	4.241528	-24.364605	26.212551	17.52956	-17.469757	3.4123194	8.421928	-0.04368496	-6.2715454	-10.22319	8.732075	-15.753107	-13.7399235	-10.961171	2.6107285	1.6353407	7.36411	-6.0575895	-4.654859	5.75366	-16.91397	-5.2362623	-3.2630494	-2.790052	0.5513983	-5.9178257	-2.4259489	-2.0815644	-4.737134	4.4784775	-3.0571313	0.8538704	-2.2527997	-8.609183	0.039776623	-5.5051956	-8.679997	-11.331732	-2.1349626	5.5456686	14.085506	13.4612255	137.93109131211062
-269.3629	127.32158	-88.24723	16.626774	-31.025406	24.968227	8.51255	-18.283382	-4.4233055	8.147308	-8.654135	-7.3536468	-12.677486	13.093122	-18.653137	-8.046347	-12.362453	6.816152	-3.985774	8.777642	-9.706209	-6.7169995	6.027817	-13.268467	1.3458245	0.7849103	-3.1760013	1.0807441	-6.4155807	0.6738322	-1.6476946	-5.742406	2.8597102	-1.2634418	6.490638	5.509345	-0.46859038	4.422461	-1.1538804	-8.3656645	-8.474958	-5.889798	0.108811736	16.610386	21.678051	137.4750836782884
-262.20337	126.1291	-81.06258	26.000282	-28.842148	20.955605	5.016347	-16.84719	7.606677	22.322868	5.549848	2.914052	-7.7086153	16.879578	-14.386623	-2.505704	-7.9939265	4.7428374	-5.985917	4.574029	-8.924873	-3.4942555	10.819908	-14.222691	-1.0392851	-1.5298381	0.7162354	10.931689	-3.4730473	-3.951076	-5.0890346	-1.0999639	2.2489252	-10.070331	-7.5449357	-7.3885975	-4.4377356	1.7070799	0.62486064	-1.982254	-7.1579065	-6.367792	-1.1764343	13.533878	18.926605	136.91361286397574
-249.45682	106.26999	-69.547874	11.146961	-19.686577	0.6796545	-3.8443162	-24.352657	5.446848	2.3311284	-3.9648812	-3.7446156	-3.8184085	6.814493	-11.455966	-12.594154	-1.6340823	3.0843773	0.3530959	2.988515	-11.11544	-2.061676	4.956482	-13.558198	-6.3785872	-7.4602933	-2.53601	6.6130652	-6.842603	-7.871501	-8.162678	-8.428081	2.6107812	-2.146506	0.11761844	-2.861777	-3.653088	8.26034	8.00107	5.298751	1.8733283	-6.077182	-6.5512	2.660256	9.725346	136.11789326651427
-267.64627	129.72652	-79.491486	20.735146	-28.810055	24.39338	9.638289	-16.085476	1.6783981	11.961528	-1.7724292	3.1918254	-5.626829	15.591133	-13.049253	-6.8351154	-6.0522404	2.8264017	-3.6980834	1.7157365	-11.544882	-4.5420895	7.992886	-16.24971	0.10984129	-6.559309	2.0328321	8.727087	2.1855657	2.7968733	-5.595218	-7.128828	0.5493808	-5.333412	-2.1273842	-2.1619968	-2.2611866	1.9244897	-1.7555357	-1.8838476	-5.408579	-8.226568	-4.986824	7.5827994	10.296577	135.291120126229
-278.5541	120.64542	-81.63422	19.281185	-31.017647	18.869606	9.177736	-15.80994	7.358219	18.029842	-0.37096572	5.66099	-11.064579	4.4091163	-23.0914	-10.357963	-7.3060393	10.902338	0.97211003	5.743843	-19.118599	-9.452853	5.898038	-13.26705	4.763537	-6.027608	-0.9071102	1.6983984	-6.5217752	3.3465266	-1.2778907	0.3541634	5.6097703	-1.6739382	-0.30008394	-3.7090921	-6.568593	-1.7916479	-3.5576203	-4.0623446	-5.314118	-7.444742	-4.0836678	4.893634	9.949139	135.13291769499872
-276.75488	120.02449	-77.929115	19.88137	-30.81229	17.590511	13.16511	-14.960531	10.558648	13.326391	2.7697484	10.2445135	-0.15662599	15.614066	-14.159647	-4.8287926	-9.074209	2.8503056	-5.8939147	10.166616	-12.781109	-9.861965	3.3416023	-14.043707	2.8081646	-8.574995	2.3685083	5.4067435	-4.595581	9.893453	-0.62821114	-7.523363	-9.785018	-7.7028694	2.6575737	-4.041738	-9.144447	-6.4305162	-3.7687125	-2.3755925	-8.40539	-11.605725	-4.385561	7.873516	15.17959	134.76061959323664
-274.5411	105.88343	-64.79118	12.555984	-16.38535	6.4564953	-0.8452757	-21.063068	7.0914826	1.0797333	-2.1951866	0.51880395	-1.5228138	9.009338	-10.583211	-11.726391	0.9450426	1.7230563	8.242189	4.895865	-12.594746	-3.8362207	-0.914521	-9.405027	-1.6852862	-6.986727	-2.5212908	4.4420576	-0.70673156	1.4214199	-5.781824	-8.194433	-4.129115	-6.0423274	2.4149156	2.9676704	-0.7799209	4.8326454	7.71789	8.698434	5.6569176	-1.6605532	-3.3117602	0.45175302	8.666431	134.55762179609465
-321.9298	135.13818	-71.145294	34.834694	-13.970721	22.610096	0.7920908	-30.32954	5.7535486	21.23651	12.251659	9.089571	-10.756199	1.7913175	-20.279428	-3.1249077	0.9337619	13.137049	5.9640236	0.13654613	-19.874115	-12.306515	1.0866337	-10.928755	7.902669	-2.3798957	1.6544206	7.3353643	-6.816656	5.221494	-2.2236	0.85635555	1.5534291	-2.0330973	0.97519004	-9.067696	-8.6745205	0.7783744	6.0829344	11.240789	-1.893443	-12.020092	-14.223663	-1.485997	15.450855	134.37815514524607
-358.67398	142.42029	-75.2159	32.898735	-19.779705	22.399857	8.8399315	-23.216114	8.186527	14.477455	4.595603	1.1307311	-7.4957094	3.2789557	-18.576845	-8.508031	-4.0967236	11.674391	8.487335	7.6775217	-15.456232	-4.8579717	-2.7685523	-12.61977	7.70104	-6.6749244	-4.3011303	-2.0870547	-6.8852873	2.6378617	1.6682084	0.10439342	-1.1416837	-3.230588	2.7240946	-2.6378672	-1.0412338	-0.09467017	-1.4204922	-1.5111226	-2.4704924	-8.957205	-10.455641	0.7613871	16.68209	133.5997818318352
-372.4086	152.49066	-63.792114	23.353283	-19.171913	12.948441	-3.881542	-27.349823	6.68141	21.73847	3.7219725	1.1835287	-5.5568466	-0.23278141	-17.594427	-5.293995	1.7554678	9.247616	0.27328527	-0.17873365	-22.904337	-7.2868466	-4.0571365	-12.512091	7.1878347	-11.899088	-7.9681263	-1.4555516	-9.747498	-1.8423316	-2.3047895	-4.6991224	-9.299772	-8.297443	3.3524494	-4.5762496	-8.32874	-7.702881	-3.5128758	2.4007306	-1.9274275	-2.410602	-2.0690718	-4.894681	6.4547753	132.06773189398504
-383.7974	120.97215	-38.768055	15.453354	-3.8296502	18.07909	1.8366946	-13.9988575	13.864019	17.639603	-3.0351439	4.547043	4.8477707	-4.1072826	-8.181284	-11.449116	-1.0768732	7.337518	7.7223835	-5.039274	-10.821396	-2.0996199	-2.7512105	-13.248573	0.7118452	-6.205614	-6.5712857	-2.1278462	-10.892572	4.481202	9.546819	-0.70577025	-3.3594012	-5.0812273	-3.0633888	-0.4285959	4.301858	1.1280626	-3.347969	-1.1598101	-2.5819473	-9.33653	-10.940088	-7.481417	-5.081608	133.3775920591643
-471.1123	153.61252	-33.473747	26.151781	16.74408	30.632189	-2.644257	-13.128302	13.388104	22.08583	17.668007	-6.208931	0.071682036	-7.02767	-17.298466	5.5346613	4.900318	10.841546	1.1292003	-6.681666	-17.447754	0.6983473	-7.5926285	-10.900978	10.514554	-3.4960003	1.0333692	-8.777513	-17.137045	7.520521	11.726631	11.640558	3.9294147	-3.763813	-15.974806	-14.216214	7.2192163	8.140718	9.913932	3.935814	-5.372464	-5.3446484	-4.5317	-3.9919019	10.310703	139.678703091487
-522.3405	124.83147	-19.654085	17.798563	5.3498993	39.9339	16.84252	1.0496402	17.314604	24.051949	-0.27456853	-7.6013975	5.2702856	-5.3244762	-9.986116	-3.7604122	-2.8245764	7.707614	0.20389158	-3.7348714	-7.979349	3.0457387	-5.1445036	-7.7221766	-4.8124075	-16.488468	-4.935074	-2.8334541	1.4394015	6.818388	-3.6186583	-4.1185074	-4.2116385	-5.6779404	-4.809571	-10.116428	4.494891	6.316829	11.083336	11.0082855	8.900164	7.332132	7.357049	-0.39231044	4.0223765	0.0
-545.8539	108.701454	-20.112144	24.122242	18.760616	36.56699	5.774457	-3.1925073	14.007345	38.149796	18.399483	5.3621583	13.427774	-9.232804	-12.883136	-8.234722	-0.72547245	10.507917	2.306713	-9.731546	-16.415083	6.587611	-4.9094663	-1.8091276	12.583398	-1.8014338	-4.4403114	-8.460886	-11.804833	-8.453986	-6.646171	-5.129051	-2.809461	-14.108788	-10.916982	-6.8033347	-0.31277704	0.39274812	6.156509	6.077713	-5.2427034	2.068626	5.4486675	3.2142224	3.2119668	0.0
-579.20667	90.33028	-22.189892	33.807102	29.086754	49.39513	19.938786	3.335097	12.751185	30.376148	9.913041	1.2505519	6.0518203	-15.204165	-7.231021	-11.074398	2.5781178	11.906525	1.0178671	-12.340304	-11.261404	1.3590714	-6.9311194	1.07193	11.54436	-6.895995	-3.706746	-3.5375085	-6.4207535	-5.5315886	-0.48572826	-3.2109733	0.838833	-4.3154197	0.9825701	4.1640525	9.891511	2.3407173	-0.96938056	-0.6959008	-7.36067	-2.4400487	-3.5874195	0.55520654	1.1399364	0.0
-590.2406	102.34466	-19.579372	31.711334	18.300701	40.576405	19.57485	-6.9430866	2.3303168	26.07778	6.5713944	-3.142364	14.013727	-3.6102462	3.5090654	-7.5340185	8.509523	16.61538	0.6768173	-15.259836	-12.173448	6.71642	-6.7613735	-2.846778	7.061166	-5.591045	-1.9835176	2.9842572	-3.9358132	2.423542	2.5787818	-1.4773227	2.57552	1.5403008	-1.9329432	-4.18038	10.06433	6.9615545	3.857247	-0.74314845	0.6835313	3.2459803	-0.32971358	1.444031	-0.48437288	0.0
-617.8847	80.10508	-36.235435	18.344019	17.629646	37.72934	24.430164	8.122555	14.017148	35.162632	13.666908	5.043936	15.934951	-5.7953625	2.0487037	-5.768751	4.651682	14.077806	6.561386	-7.569537	-2.253626	15.149109	-5.5580177	-5.4166174	1.584008	-12.712662	-1.87469	-1.4360203	-5.0272512	-7.037448	-5.1942415	-1.2244296	2.456035	0.16508907	-2.9999213	-4.2582617	1.8438295	2.0659032	-1.109223	-6.9924717	-4.1136537	3.4323077	-0.77413166	-2.1232176	2.912178	0.0