-620.47955	144.16418	50.590008	30.739075	5.3009844	-2.841165	16.104946	18.090172	4.904021	13.878828	-1.6158361	-14.543909	-15.617167	-4.855472	-9.769747	0.9631101	-1.8147703	-1.1814408	-0.42016387	4.3763466	4.4672394	-3.8302064	0.35501635	8.942634	9.859112	5.404433	-5.2294636	-0.36725804	1.091056	4.9549775	12.466007	7.105449	-5.7485723	0.1615628	1.0620706	4.151791	2.8209822	12.931591	4.3910823	6.831643	1.6503268	3.7922087	3.768207	2.7115493	-2.3388877	0.0
-602.4335	157.38226	49.221344	42.25693	-7.4461517	-20.188461	24.41485	25.570202	5.7660995	22.640078	-5.62307	-25.744186	-12.804491	-2.855654	-17.322166	-5.4417152	7.507539	-0.8934705	-3.6620915	0.30197406	5.754199	7.035098	8.005806	-1.8800049	-9.298592	0.9736589	1.4267082	4.7908354	1.6892824	-8.213598	-0.57772446	8.809807	5.037643	-7.0352716	4.703923	9.552928	-0.9801811	-5.100854	-8.815063	7.357005	6.4792547	9.821066	9.606874	3.073741	3.201941	0.0
-586.7123	164.87273	38.676014	40.921646	-5.0952864	-19.753622	17.036346	22.952997	-1.1607451	23.092907	1.9682434	-20.877716	-4.2979355	7.9614215	-7.7208242	-3.2912512	6.26038	-0.2570136	3.0230408	7.5557423	6.9333696	-1.747327	5.696889	1.6005273	-9.085418	-0.78359735	-4.5538163	-0.21921587	6.064202	-6.645215	-8.566832	-5.301091	-4.9896984	-8.130392	-0.46883708	3.1675925	2.9864933	-2.476366	-4.936982	0.9791976	6.3441315	8.249258	12.224808	14.451565	12.968475	144.2289359787005
-571.1042	158.05042	21.868324	43.229797	3.6805053	-8.504856	34.50009	36.90898	6.1952977	18.137554	-5.6286774	-27.205772	-14.073309	-2.3834858	-9.8414	1.7693394	11.002923	-2.557968	3.1493483	8.106745	6.219225	-3.88876	0.76576716	3.905055	-4.3479633	-4.0624223	-3.3435729	-3.9465318	3.814735	-5.040252	-5.1558776	-1.6995233	-5.0801554	-1.7048346	1.4004493	1.5007428	-3.908729	-5.2690067	-3.1383834	-5.9310627	0.10969925	4.2673764	9.91184	16.652927	19.665426	141.02923928892247
-567.95557	160.82593	24.453869	32.100655	8.445612	-5.569649	37.131683	28.938309	4.664179	24.741604	0.43080854	-30.18908	-13.3139305	-10.913485	-24.243607	-7.966572	6.731932	3.2529569	3.1127596	8.420672	-2.2659116	-1.0247515	2.830822	4.0251584	-2.2787404	-1.0356387	-1.3589082	-2.7287838	6.9530706	-0.5877787	-3.1304393	-4.114131	-6.95512	-1.6497359	4.129843	4.124569	-5.9415417	-2.9324265	0.017728329	-2.6580546	-3.388311	-3.2069635	-0.7444799	1.9729679	10.411707	137.08438360745208
-456.378	147.7861	21.924076	45.6451	-10.564261	5.663602	-2.9915056	5.985986	-12.661057	-11.804333	-5.445962	-10.555904	3.5101898	-2.6247451	-3.1147919	-7.8420906	-6.7109237	-3.689257	-2.5056696	5.30165	4.480833	1.6507158	-1.8465159	5.105139	3.090156	7.10838	1.3663652	-10.129444	-12.060823	-4.0411263	0.40359503	2.1562343	-6.072	-13.791041	-4.3126493	3.7035356	4.594864	0.8095825	2.6516109	12.958644	3.7172694	-5.261303	-2.63174	-0.18717602	3.361348	130.18896076623258
-401.26096	190.65585	35.69181	27.815609	-29.91784	-13.806516	-14.7171	9.031147	2.1646457	7.514106	2.9062293	-6.816941	-1.0441447	-7.9301944	-2.427812	0.053313315	5.0351305	1.2688298	-4.1504326	-8.962829	-11.917469	-11.9297085	-7.074135	4.3584456	2.6048522	4.008444	0.045200706	-2.4066026	1.2174292	4.9572372	3.659832	-1.198069	-6.830859	-13.997989	-6.439665	-2.7017763	3.6819758	-0.48004925	-6.4370465	-0.33401656	-1.9387031	-1.3295321	0.01758641	-3.2636395	1.3159897	0.0
-344.51923	189.43211	17.234104	9.482527	-31.245537	-15.692463	-6.6728797	2.8138433	1.3286037	4.1874256	-7.790885	-6.6988444	-1.3290179	-1.3680032	1.6276927	-0.35946798	-3.1021657	-2.732005	2.5282407	-5.4577703	-14.145496	-3.0489817	-3.2237988	-5.426126	2.2108407	9.066448	-1.0019162	7.6085343	2.865249	0.02087164	1.3412806	-3.7708719	-3.3978972	-7.2097893	-2.3720312	-3.737515	-2.3617141	2.8719015	0.6635919	3.3236938	4.487924	-0.9432899	-0.30518323	-3.76741	0.32355404	111.00875725246493
-374.15192	201.16681	29.08621	20.44125	-30.726948	-18.033096	3.4049835	-6.6490374	-2.290234	14.545939	-13.417847	-0.06530693	2.6569755	-5.606913	9.898418	2.9402208	4.354769	-1.6417307	-0.5727787	-4.227313	-8.471699	-4.506098	-6.4010468	-3.4740462	0.37275028	3.8493297	-4.932527	0.97821975	2.727231	-0.91119695	6.3279815	-4.0579042	-2.4725266	-0.90910673	2.071837	-7.3554516	-8.2502575	-4.123187	2.5869303	5.6272993	-3.6479654	-4.1157637	-1.4952612	1.0858788	-2.4124584	113.51460208332841
-358.13358	195.50156	23.341957	13.48669	-33.888973	-20.548058	-2.0062604	-6.156701	-0.4770965	17.814278	-12.134133	1.7343605	3.4315584	-2.281236	14.667672	7.679609	7.758169	-2.873599	-7.064214	-11.078089	-13.79125	-3.5294523	-5.345819	-1.3131146	-2.8755245	-2.7284226	-4.270011	5.475732	8.824465	0.5503135	6.1047	-4.0232754	-2.6994889	3.2072034	7.130863	3.7880974	-2.229096	-6.4459553	-7.008116	-1.4542365	-1.7214639	-3.3432953	-7.0219893	-2.957612	0.8915723	114.3938035323872
-387.26587	196.1766	30.7104	24.754856	-39.43603	-19.682655	3.1821103	-6.637866	-10.396478	21.98798	-17.305435	8.28882	12.750995	-3.8941317	16.903772	9.879632	11.81665	3.7938554	-9.459869	-9.547977	-11.097319	0.6519242	-1.996119	-2.7418542	-0.5625029	3.505817	0.9993788	6.209734	6.0063086	-4.3821115	2.2894037	-8.043205	-0.267385	3.3507743	0.0127385855	2.1621635	-4.299659	-4.7745466	-9.666526	-4.984584	-8.751674	-4.823387	-8.6757965	-6.2998886	-4.6258783	113.83948576936425
-389.19077	212.22061	38.190746	25.652119	-55.65088	-25.408463	9.193716	-4.545442	-14.478746	34.41356	-26.086594	10.638638	7.714633	-11.924974	19.52629	-6.489643	2.5045273	-2.8989928	-5.78903	-4.443207	-9.565891	-3.155253	-13.371469	-3.4332907	0.15928423	3.1328273	7.1210814	2.487306	7.1697674	-9.250698	8.993167	-8.44116	-4.4318986	-2.127767	-5.3666873	2.8551126	0.89911693	1.9340436	-6.210033	-1.6265042	-7.1219373	1.2796242	-8.098185	-2.5294545	-1.2427037	112.65525724927346
-334.9789	183.3924	19.529545	18.462046	-34.286804	-22.247963	-2.3403163	-10.101555	-4.108992	19.786362	-14.887703	1.2429392	3.163757	-13.485142	7.298569	-2.790199	-0.6115416	-1.4129293	0.29187372	-5.4882097	-7.985263	-5.8638706	-15.242558	-3.1086383	-2.8018022	2.682961	3.585304	4.3108826	4.9759197	-2.4029999	5.377268	-4.6825533	-1.3072478	-3.165227	-7.0319047	-3.8712623	-3.3668916	1.3392684	-0.32215005	3.4274192	-1.6279211	0.50300884	1.4208955	3.6818554	7.7055607	111.61887584478819
-356.93887	188.16403	22.835146	41.054245	-51.539474	-24.414719	7.8849277	-3.1932797	-2.1404104	27.325653	-27.340637	7.034812	5.0899825	-5.6770086	3.6869013	-14.104837	7.369256	-3.1792138	-4.6472588	-0.70483327	-4.6742296	-5.083764	-11.703615	-1.908375	0.9771986	0.9354092	9.674595	1.5482234	3.9375277	-1.2005527	4.626041	-4.379689	-6.275433	-6.958873	-11.559728	-4.287227	-5.5069485	-3.2977338	0.94134593	2.835115	3.6494107	3.0938802	-2.2377517	-2.5709977	-0.46749958	110.9199087680726
-338.47476	185.23004	15.163464	26.089556	-40.76709	-20.85503	6.565585	-12.528083	-3.8419504	27.138222	-22.895784	5.1599255	2.982276	-24.190212	15.134989	-2.6458578	2.9538507	5.1414223	-4.291873	2.5668726	-2.126445	4.0715284	-12.311941	-8.331226	-5.884447	-5.461852	0.93210614	-1.018791	9.86562	9.324531	8.706144	-7.3400044	-2.811237	-0.6313667	-10.63696	-4.929002	-5.4089603	-8.633163	-3.242534	-0.13109809	-5.0084405	-3.0016224	-2.3439128	3.0771165	-0.3425238	111.21129206647831
-350.56482	193.43277	25.657112	30.430344	-54.003822	-26.084614	5.004045	-13.4452	-13.951063	33.015602	-24.275211	7.704439	8.718949	-25.682785	21.122444	-7.9808435	0.63928807	10.163589	-11.238334	1.0220778	-10.326306	-0.18354478	-9.357481	-10.8614645	-6.4329042	-7.414423	3.5577245	0.8221536	4.612983	2.6368086	11.287021	-7.144928	-6.456999	-3.5286202	-4.073471	3.5399685	-9.14766	3.022323	2.4598336	-1.4264354	-9.018175	3.6681523	0.114228904	-2.2683327	-5.0437303	111.32609682231296
-326.92813	178.35925	26.953117	31.382812	-42.99796	-17.005001	-3.4538493	-15.8096485	-8.398237	22.00023	-24.736767	1.8803669	4.709627	-24.472702	18.063995	0.9211583	2.3129745	9.478601	-6.8274508	-1.619131	-7.31622	-6.1313562	-15.687645	-2.9340582	-0.40355265	-2.5676818	6.9875603	0.8106222	3.5858464	-2.082384	7.752642	-4.0382166	-5.281472	-4.7477884	-10.689555	2.3740141	-0.43351114	4.799966	-4.169363	-5.998136	-4.3402267	0.46822357	-0.3488022	-0.70192194	-1.9163861	111.5201434215833
-340.97388	181.49277	33.82276	37.58023	-50.080353	-17.277718	-11.120355	-19.681515	-9.03264	38.293568	-14.196548	10.645603	15.445748	-21.529324	19.701187	2.1033006	6.579156	16.937428	-5.228776	-0.2227881	-7.8760166	-7.4445553	-11.684347	-3.065102	-1.1891541	-1.8661528	9.608869	-0.19781423	5.461219	-2.7582235	4.911193	-8.990894	-6.836834	-0.13997924	-8.5870075	8.119994	-0.7656476	1.1657596	-5.0104437	-6.719183	-2.0383737	0.09653918	-2.9354455	-4.962845	-11.80455	111.78093422529565
-315.35098	176.2713	28.288681	33.276062	-49.071976	-1.3251517	-12.3647	-18.56765	0.7743031	19.159336	-9.922508	3.866808	10.345358	-22.938301	12.525848	4.6717215	-1.9509746	15.687644	-3.7238407	-3.6436055	-8.030154	-8.3258505	-11.688622	-1.3030424	-0.045695364	-2.899848	10.646374	-1.4691167	11.351734	-0.00037300587	3.1744664	-4.1061378	-7.3301215	-0.2850973	-6.7016163	5.5447855	-3.0433388	3.9530077	-4.4243417	-0.9646317	-0.52503747	2.1969302	0.1918215	0.8185606	-2.7955523	111.62586831805773
-318.55142	169.45987	18.014145	27.663214	-29.525555	-19.115093	-9.957761	-12.275953	-14.429986	23.015621	-16.873297	-0.08579886	5.4284	-25.984734	8.149401	1.0083318	-0.8574047	12.576567	-2.0648112	-11.945151	-9.770132	-14.026929	-15.937939	0.99182475	-6.044121	0.49666667	5.5312433	-4.5777335	8.081735	0.027980566	4.9570312	-0.4414904	-10.078391	-7.3839383	-15.337173	-2.2969892	0.77432257	4.6418076	4.9378967	-1.749912	-3.6385932	-3.3299265	-0.14555597	8.898008	6.835982	112.07198390619143
-310.1426	177.82913	20.342606	19.859505	-42.17334	-10.883188	-4.4875407	-3.9603071	-16.152023	19.24405	-15.971497	1.6044496	13.460494	-17.984129	4.5414333	2.3710992	3.8171196	8.3125515	0.12729655	-10.966179	3.141781	-3.3622324	-12.5002985	11.629538	-1.3191926	-0.503095	11.421047	-1.8663024	11.947222	-2.5944757	5.801039	-6.149123	-11.933268	-3.9830346	-17.431196	-2.218007	-5.2080398	2.5513256	0.4484197	-0.96122307	-1.7949017	-4.4455624	-2.5036278	-1.5497062	-1.605211	112.5273511807812
-322.37158	179.34654	31.322382	25.668198	-57.199	-15.1684	-10.780667	-0.2876492	-15.072592	20.72402	-17.596367	-11.39217	6.4128923	-11.756469	3.6226377	8.693784	-0.4844662	-3.755096	6.3869877	-9.777554	-7.749722	3.818748	-9.595551	2.0313666	0.99611354	-6.4073706	6.051841	0.13673568	9.402533	-1.4594895	4.1932354	-7.4179945	-5.069021	-6.558936	-10.5531	-1.87521	-12.402882	6.5624437	-0.038002014	-2.2500858	0.033286273	-1.8619289	-1.65837	3.8954682	-4.733658	113.41562193728946
-340.29706	177.04079	27.564442	25.671528	-65.814545	-16.27396	-9.891584	7.0534744	-17.757095	11.257498	-20.991692	-17.902496	1.9329171	-6.668682	1.42559	9.036301	3.7235126	-13.516863	-0.96168053	-5.34908	-13.778132	-3.4901528	-11.560478	-3.8065038	9.665232	3.5938244	2.3917704	-6.0477686	0.07628223	-9.057069	6.0861926	-4.6668863	-2.708406	-7.31567	-14.430372	-2.1434972	-1.0225185	8.233839	-1.3168955	-2.707962	-3.1711783	-3.278079	-0.64856935	1.1876976	-2.762241	114.66089525019464
-332.8844	187.79637	27.110584	19.500317	-55.220093	-10.355884	-6.7287326	9.668201	-16.749012	1.5639458	-17.493774	-17.595875	6.6882935	12.982916	10.082055	3.6962144	13.402293	-3.1571736	-5.0944877	-2.4702435	-9.379734	2.6611996	4.6085153	-3.5947068	0.22598684	13.555682	6.4658394	-4.7513227	0.45868254	-6.740122	5.968293	-5.9822206	-10.552377	-1.9134866	1.2222902	-6.3424683	-8.299195	4.2157116	-5.410486	-7.3532896	-2.1375923	-1.3780229	-7.785865	-6.718061	-4.389206	116.13662333694232
-329.1251	183.33502	12.930777	16.63005	-31.602774	-2.452084	-2.962929	11.455807	-15.485308	-16.145935	-14.225811	-21.884617	11.454468	11.626869	16.119911	-0.16217169	5.3037443	-2.018099	-8.321216	5.6034	-5.412494	-6.5324526	-5.762121	-1.7786543	-11.077585	7.333205	4.2599325	2.5362554	4.578297	-4.5200515	-1.6120358	-5.121149	-2.5607772	-8.515247	-0.5616665	-5.280612	-3.0087576	-2.2264137	0.13602507	-1.8352084	-10.127045	-1.1638244	2.5434775	1.5915391	-1.1685797	116.82000237362912
-333.1359	183.76523	13.128401	20.814547	-18.127293	1.2005795	2.5782135	16.837036	-22.106142	-4.7575727	1.1575938	0.03201618	8.629232	8.52536	7.2284217	-7.5523067	1.0764015	-0.43257308	-2.2292235	9.910547	-5.746731	-10.62554	-5.5832577	0.50767195	5.311859	8.9810295	8.460877	1.1642542	-7.0459766	-1.7249382	0.022581697	0.43080747	5.5715947	-1.9808242	-2.2343323	-6.575634	4.2291374	5.0510893	8.052597	9.3528185	-4.2611127	-3.2371306	-6.1334677	-1.8904897	-0.7075125	118.59624791914024
-366.68723	189.65837	20.122871	18.096558	-22.47663	-5.689986	4.056861	17.276047	-20.005291	-11.989933	-14.656549	-13.060702	18.619978	17.156395	3.903662	-8.291805	5.244508	-0.1946634	-8.614111	5.372826	-0.06749654	2.3294177	-6.380063	0.59825075	12.004217	3.978625	12.122189	2.3542614	-14.079594	-5.428641	1.2797462	-1.8969016	-0.82573986	-5.0900044	-0.8644061	0.67113215	7.8487015	-4.689928	-3.2387888	0.9756503	-7.0474772	3.9786253	0.5697445	5.007721	-0.27101016	0.0
-405.43933	191.92465	21.597876	15.682856	-11.025261	0.29858148	9.132605	11.981707	-2.909421	-1.7886498	-15.898973	-12.462582	11.255707	15.598395	12.969751	-5.6692924	-12.308714	-12.673486	-5.582076	11.614455	5.120823	-4.934761	-10.023851	1.2883179	8.500645	2.3434088	-5.4702334	-7.5037794	-2.5610256	9.631379	6.516369	-5.6264105	-12.514256	6.4304676	14.436109	5.2940426	-0.35425258	-1.976917	3.217845	1.3629534	0.17490017	5.641443	0.021548416	-4.3406386	-2.7217634	0.0
-521.57996	174.39832	34.838867	40.96132	6.4893856	18.05568	32.651146	7.534258	-9.320377	5.7338934	-12.509787	-11.983377	6.243658	-2.4311361	0.623116	8.940633	10.471537	0.12418556	2.0643158	12.308823	3.8904276	0.010372877	1.1667516	3.0725386	4.8718715	-2.4296062	6.132597	-1.3708565	-4.8747454	-5.025027	1.7875473	0.77999276	-2.9064398	5.7854433	-5.728859	0.9281647	-2.2137618	-5.1396728	-1.4683955	1.5690612	2.0292857	-4.399067	-3.7393649	1.051913	-1.8060255	123.5241513591581
-514.3255	168.79562	31.013195	46.568413	-9.828487	-12.343805	21.557772	-6.557626	-14.398472	4.983287	-15.896625	-6.822648	10.694833	6.8014297	-2.4015882	-7.330569	-5.1387897	10.115554	1.9085718	-0.93549025	3.7027888	-0.7320843	-5.0963516	-4.3064423	-1.221821	1.5247025	-0.75940275	3.706056	-1.3807868	-6.4461527	0.784838	-3.0828524	-1.9246634	-2.520164	-6.6682634	2.6892936	-2.784061	-11.628656	-10.013572	-8.476321	-3.91753	1.0111524	1.5029343	1.5943182	-1.4009602	126.54738508355564
-512.0122	161.75089	35.603207	49.13421	5.5360193	-5.6258507	37.187172	-6.1296005	-17.065308	-2.1722555	-7.069281	-3.821724	4.2842255	0.82143116	-3.800628	-3.2027993	13.921951	8.77131	2.5933704	-7.428814	-7.8195477	-2.0502856	-4.8069715	-4.0013657	3.7731085	-6.107086	-0.10293841	2.1062734	1.433526	-0.44149345	-0.78681517	-6.7658067	0.11692572	0.4431479	-5.152006	4.755727	-3.2803597	-5.0493593	-10.185838	-4.556271	1.2135521	6.215246	0.22177815	-4.2949257	-4.1295137	130.9899820442723
-515.72534	154.3384	31.865574	52.474045	14.563488	3.275303	37.21393	-4.0555663	-14.902494	-6.285489	-6.5637245	-0.89372075	3.6091158	-1.8938819	-10.670393	-9.46616	13.660221	14.317174	11.821207	-4.891528	-6.133941	-2.2477443	-0.19270515	2.1463344	5.5137076	-8.547596	-5.292466	-4.1217	-4.4852314	-3.2251444	-0.645113	-2.3066113	10.134285	0.7694876	-13.223296	-3.2454696	-5.277015	6.5752177	-1.1472073	-0.30182284	-2.6947727	-7.3544474	-10.594715	-6.4303837	5.3055816	133.25190330220096
-500.923	172.49156	17.83024	58.563408	3.263801	3.6494865	16.724533	-9.968159	-8.302643	6.9764457	-4.658601	-1.9297701	2.6767464	4.003723	-1.2361392	-5.298951	7.6843123	1.2091717	-1.2324332	-5.515383	-6.5312243	-0.058289647	-1.3570102	4.5922346	1.4720277	-7.131706	-2.7203057	0.0047186613	5.0167456	1.720046	1.8368809	-3.5587926	0.6168078	-1.4451149	-6.9839144	-3.6804986	-10.892986	0.2275208	-1.3150948	0.9443617	5.381467	-0.26821846	-6.148229	-2.4040296	9.703512	137.9996355644227
-517.9211	167.4801	13.616986	51.931374	7.203111	17.420858	27.533045	-4.1342063	-9.367811	2.1885886	-8.181173	-2.7767057	-5.7180653	-3.377584	0.56866133	1.5440059	11.441526	1.6561081	-1.3039453	-7.538578	1.1336634	3.4860547	-3.36388	-0.50551844	-8.502981	-13.331045	-1.3754451	0.42038798	6.9199896	6.947696	0.9908042	-0.91852283	2.1860507	1.3076608	-8.695647	-2.641874	-5.12348	-1.6953983	-1.7566057	-6.367331	3.471703	1.9889443	5.7446814	11.877962	15.66694	141.50518616337914
-510.5027	174.29587	10.609978	49.07105	6.199564	16.302464	22.49496	-9.638557	-14.897942	1.7222278	-11.871513	-4.427163	-3.8232021	5.2648964	4.977613	3.4515653	3.967733	-3.1700418	-6.853587	-6.3950357	4.8331776	2.8609924	-7.468671	-2.1583047	-6.531432	-7.3118596	2.3214593	1.5791088	5.928545	2.818625	-6.8197994	-2.361639	3.904365	5.6562705	-4.9727135	-2.2079759	-2.2906926	1.0167162	-2.7026079	-9.192667	4.63923	4.829167	12.888408	12.051526	11.489076	146.33627218348255
-519.3299	163.97476	15.358261	31.087084	9.390535	21.09872	19.843414	-10.422384	-13.688185	8.403242	-5.3351393	-0.15779302	1.5119727	7.353752	6.1193004	-0.7390369	2.8421526	3.6316738	-9.68766	-6.5004854	5.361682	2.3819666	-11.806519	-1.6355045	-7.4326615	-1.6256461	4.6417966	-0.5815416	4.9910755	-1.6287295	-4.8025885	-2.2610092	3.7614603	-2.2981596	-5.8762555	-3.1633165	2.310021	2.6457827	4.1566887	9.616464	19.931913	11.487431	12.396687	3.3493044	0.6403133	154.08617698491707
-542.2827	151.03842	6.8642697	24.480585	14.423813	9.392878	13.126144	-9.5185175	-7.2672772	11.435162	-2.3391802	-9.548631	-5.3324976	1.954216	13.165121	8.500417	-2.8463142	-7.409582	-20.275797	-8.096181	4.1392517	4.192451	-3.378882	2.3840208	-3.2232122	-1.5412621	7.008243	-3.104831	1.3160458	-1.7161677	-5.2025127	1.2550716	0.9619844	-1.0156083	-3.2339048	4.746541	7.1814847	10.217046	10.065114	19.030035	25.102757	9.042038	2.0479016	2.2096996	3.5471568	162.42419495122348
-557.7884	158.24866	17.244423	19.138878	24.051529	14.613378	14.7939625	-2.5839355	-1.9113331	17.480608	3.5956476	-2.5506675	-10.703892	-10.433421	3.7895546	0.74025714	-9.515861	-8.26654	-12.816455	-2.1615465	3.5856888	1.9782991	6.1114492	8.527159	-4.031264	-2.5707488	8.281782	-8.654734	-9.654522	-10.471062	-7.0659013	3.7326741	-3.2104316	4.6595097	8.422874	12.758062	11.42865	17.337072	13.00923	6.0912366	3.2468157	-4.389083	-1.323075	3.3315053	0.30849433	172.16891192676323
-565.00714	157.42474	14.832384	21.022259	26.8909	22.16534	13.3703785	-3.5363188	-3.2864122	7.126193	-1.2713082	-7.0075674	-5.21893	4.773725	11.472771	8.190797	-3.7510223	-7.0039034	-13.518211	-2.3454762	3.9706616	-4.110838	-8.139313	-8.612684	-10.77861	-3.9881766	5.932722	-3.993052	2.3095472	-3.8949914	2.7649841	3.8700078	0.6205539	13.442023	12.399439	9.446245	15.14016	13.289096	5.0665083	-4.1053023	-3.7526383	-2.5045528	-0.63107157	-3.890938	0.33231932	181.0587215360939
-587.3881	143.53268	17.731554	20.966515	18.188671	21.512669	3.9626744	-6.258239	4.6761813	11.776287	1.7381837	-4.821944	-4.1795855	3.794212	12.212434	11.204557	-1.9271545	-18.128284	-18.429447	0.972096	8.573714	-8.597066	-15.013237	-10.598793	-8.338604	-0.05159779	5.342144	0.08597422	4.053741	4.529426	10.257853	7.849648	11.022089	24.17712	20.305897	11.132746	7.6621423	4.3174944	6.314067	-0.6533543	-4.663444	-1.4224019	3.860536	-6.1783376	0.6012993	191.3305260493683
-597.76843	155.92206	37.619766	31.838947	21.036606	31.785597	11.96083	-6.1683135	-7.949301	3.7883182	-0.6675707	-10.102597	-5.8253975	-1.6207279	2.790998	3.0764618	-11.204317	-13.268908	-3.3507876	7.7334867	10.27356	-6.6492066	-12.80212	-4.916606	5.756084	3.3405395	-1.0116428	-4.334831	-3.0852256	1.6426477	7.5508184	6.3467174	9.423586	15.365569	9.55934	0.27350327	-2.205644	-0.18394798	-5.598946	1.792253	2.0653307	-2.2062104	-0.28566948	2.3892581	2.991991	197.5936380192063
-625.07043	144.33546	55.655846	27.925262	19.829582	24.12436	12.404405	0.9788125	-1.458289	0.47930998	-0.32903492	-12.565107	-6.80977	0.8404579	1.2367115	-3.5947022	-12.918404	-5.731797	4.4101	8.331747	3.9112418	-5.7927275	-11.808297	-8.659338	2.728889	5.649309	2.8615062	1.8018184	8.873499	13.087646	2.7522068	-1.3024801	7.6189966	15.296837	13.100975	0.41803455	-6.143257	5.365917	3.4144845	5.635293	-5.2483516	-7.831126	4.5232654	8.1341505	1.5846417	199.06937451536615
-652.7266	125.61949	67.275085	34.22853	27.062866	31.554161	19.74778	5.8954754	-4.9584446	-3.589525	-0.31623954	-5.548312	-6.859624	-2.1903937	-9.13065	2.1905131	-1.5603585	-7.943741	0.12748861	2.1254997	1.5696337	0.7745534	-3.443664	-6.149193	3.3252769	0.2098411	-0.1664803	0.8824721	7.6294947	14.993846	5.226589	-2.3347263	6.7895064	10.485737	3.378241	0.49743867	-2.6165159	8.902461	3.072113	-7.779708	-6.0156364	-2.921465	2.4213266	-1.5496584	-3.515998	0.0
-671.1196	107.40039	69.490364	46.213936	28.796608	18.81548	9.328033	10.918194	9.937656	-1.0973552	-5.228346	-8.905291	-6.2738905	4.7584095	-9.393789	-3.4870381	-4.4668922	-0.4819534	2.7147236	4.626771	-0.4981466	2.2758937	7.6748724	-0.8152634	0.44019723	1.0892415	8.592724	8.603832	4.8690104	5.54217	3.1357718	-0.1856848	8.250084	10.298147	0.9501151	6.148438	2.5382435	-0.27554452	-4.928393	-3.3439484	-1.1542134	5.0207376	2.9105363	1.456949	-2.6723018	0.0
-692.5108	85.10103	57.12868	47.757236	31.815746	26.15144	22.231594	17.972094	10.260188	3.6710753	-1.1237113	-2.8592196	-7.896512	1.2093	-3.7368426	-2.9336762	-5.3912263	1.6381016	7.3661847	3.428175	2.568307	-0.96101344	-0.6152426	-1.318443	5.816279	1.7920653	2.8626637	8.045403	10.566477	1.4888209	-7.689103	-2.2975025	6.725033	9.590918	1.8682475	3.0372696	-3.6179285	-2.7664576	0.8185929	7.931852	7.661096	-0.34493685	-6.011916	-6.859384	-6.618177	0.0