-429.11282	23.310425	10.026754	8.824288	-10.178639	31.129566	-13.771271	11.899851	-4.283915	1.1833946	4.8428984	6.541343	19.230238	13.620359	16.32613	6.426052	7.6082244	8.365616	5.9753904	9.283784	-0.8157938	3.4621794	8.64916	-7.992687	-6.223772	11.2115965	3.6090782	-2.9140391	7.3959713	-2.1430755	-14.8736725	-5.229883	1.5240186	-4.1313667	2.4871268	10.927591	-0.8605156	-2.0296333	-1.1326178	-10.099213	-1.4441279	-0.95631003	2.19693	-2.4113371	-8.094578	0.0
-382.87656	-18.571592	41.443993	-11.075157	-0.67020833	24.170147	-7.4283524	15.112423	-5.5829315	6.701315	3.593361	6.1882324	18.726585	12.806149	22.002203	5.016716	5.956812	6.187684	2.483667	2.213643	-5.2369766	6.2383924	6.536304	-3.0997047	-1.9063175	5.9304676	5.1927953	-2.1875725	8.455423	7.1703634	-7.5566816	0.49017537	2.3597538	0.32482338	-1.2070134	2.7618916	-2.4990816	-0.39167982	9.420737	-9.199961	1.2188263	0.13354924	3.9437108	-3.0352726	2.1469004	0.0
-347.66306	-3.6315267	64.0723	-8.97203	-7.23508	17.510036	-4.543544	13.784189	-7.9372683	11.720909	9.501648	14.060856	16.893797	0.49384812	10.228331	7.3865004	10.60732	9.411633	-3.523669	4.080632	9.826124	4.0348387	-6.641462	-0.8076998	7.438646	-6.1189756	-0.47871625	-5.86091	2.7303379	-2.8802848	-9.981472	-1.1733096	-0.07171035	-4.636038	-7.256919	-0.9650154	3.9881277	0.5428936	-1.5510159	-5.22395	4.7154016	1.6588199	-0.7914026	7.459861	0.7672441	0.0
-345.60367	-10.538782	78.678024	5.4197483	-6.7319546	24.090988	-2.7540011	10.640612	-7.990454	10.827011	5.4533644	18.400042	16.063803	-8.892439	2.8840868	-0.011639833	6.0255675	7.6658306	-1.4313296	3.7037413	5.8652067	-0.82289505	-5.7348776	4.052825	10.122125	4.2263236	6.840765	-3.2543993	3.1835058	6.883648	0.99578	5.5057673	5.602024	1.0323795	1.9140446	-3.8741693	4.0526476	3.4351244	-1.4816543	-2.543147	-4.112458	0.74908257	-4.7061324	-2.825258	-0.1622814	0.0
-364.72406	-19.056213	87.41649	29.504128	-3.7967095	25.354183	3.3401756	11.769606	-5.5317397	11.699147	-8.999811	-4.753094	-0.68219507	-9.549467	7.1452947	-0.70785093	1.5169593	6.299179	5.1683006	5.6012497	-0.78622925	0.09588364	4.4451284	11.051077	3.8418202	6.1122866	15.088808	1.0141151	6.3616476	5.0193195	-0.44257694	3.9308412	3.673777	5.9960895	5.0478935	-9.801427	-3.3991318	-1.6227303	2.5146449	9.287434	-2.9790778	3.709876	5.097168	1.9843137	0.60165066	0.0
-303.89127	-3.3150558	53.33408	75.96092	28.9282	13.123014	-5.0125484	10.116071	-10.151505	0.4848348	-14.454649	-4.588235	0.24077749	-11.902048	5.8653216	2.9088883	9.330393	7.688321	-7.400147	-7.5581026	-3.271275	-0.8949765	-6.4867835	-1.4706225	-4.7438774	-4.0016747	3.947996	-7.6087713	-3.0850725	-2.206866	-6.7588177	6.56441	-0.87156856	6.492159	4.5392265	-5.4578886	-6.4006767	-5.0535746	-7.854238	2.7217975	-1.5309081	-5.3135443	-0.93126345	-2.62136	-1.341552	0.0
-280.37473	27.992214	55.97007	94.8333	-10.471339	0.82924914	5.2033863	-3.2064967	-12.387425	-3.60002	-10.055504	-2.2158372	-8.800747	0.741467	6.807639	-9.556438	-2.3203206	-0.23661414	-14.017841	-4.2353945	-2.921439	-0.47068197	-8.30849	0.30613005	-1.4494457	-10.293061	8.546583	-3.5897734	4.4963217	4.281291	-1.1608559	1.1778367	-7.727445	3.2115421	0.4484939	-3.5963244	1.8013096	-7.5304036	-2.7933414	1.0580171	-1.1062781	-5.1699047	-6.928508	1.2736566	-0.40296984	0.0
-275.30234	41.50793	31.254902	100.139656	-20.645538	-0.6341901	16.30222	-4.2817554	-7.032297	-7.427261	-11.758638	-8.274002	-8.510989	2.1835537	2.4823081	-12.196264	1.256632	2.9883618	-11.390493	-1.2863293	-5.477694	2.3919325	-10.188628	3.3426316	-9.275192	-8.159513	4.2585096	-6.0159845	2.7032685	4.499999	4.604573	3.4976554	-4.2423306	-2.9632292	-4.6159787	-2.8265185	-1.4121598	-8.306167	-4.112438	-5.741764	0.05914536	-3.7727237	-6.005628	-1.9175978	0.47928333	129.63200580317837
-272.9234	56.90303	20.98728	115.17534	-22.73533	5.258385	20.721664	-7.0677977	-10.493968	-11.448606	-6.089113	-4.5271254	-9.266525	-0.22449054	4.306489	-7.273674	5.993678	6.5597706	-5.748533	7.7250056	-0.6751123	4.4634147	-3.942737	3.65934	-5.2297525	-12.82518	3.4279003	-12.01722	0.64513963	-4.496953	-2.1418223	-2.9766636	-1.617079	-0.93805075	-1.6466842	-1.9868835	-0.90237	-7.7237086	-3.3710122	-5.2781115	-3.5168056	-6.2765417	-6.2174025	0.55228627	-0.18621588	130.42882101000373
-255.23207	64.848465	10.837948	103.0003	-26.179827	3.0650868	16.76749	-15.677164	-6.0523167	-7.097003	-3.9861271	-9.778065	-11.818408	0.22591972	7.007971	-5.620553	5.7612348	3.7906654	-7.086105	9.021082	2.1166272	4.45376	-4.2833023	0.40183222	-4.7091727	-9.083351	3.0747457	-11.60481	-3.6685627	-1.4925777	-4.14167	0.22416544	-4.5836916	1.3183129	-9.572233	-5.5787354	-3.0547554	-3.6207438	-5.380377	-7.9440026	-1.3527615	-4.8679767	-1.9580333	0.2854334	0.1419605	129.89878523406188
-266.41913	66.166504	1.843638	117.25006	-21.915627	1.8920099	14.884609	-17.079063	-6.268085	-7.224453	-7.6047153	-7.9385786	-13.511954	-0.30324605	1.5401275	-13.950576	-1.7123079	-4.4009266	-8.968303	2.9122384	11.380931	-1.0396457	-5.237996	0.64384055	-2.7833786	-5.003084	-6.5048485	-10.219355	0.14042044	1.2346177	3.8179507	3.2738824	0.83580995	-4.4262223	-2.5593357	0.24689293	2.2368333	-5.657659	-2.716431	-6.7491007	1.0649166	-4.3734646	-5.255125	-7.259137	0.5102519	128.99123231393054
-268.88266	89.670204	3.2878885	113.01358	-25.061905	-8.576035	19.48442	-18.837753	-5.0206814	-8.978087	-2.9315758	-1.9123026	-8.663028	-2.1940987	10.9385395	-12.517899	3.7988663	-1.6914954	-5.900928	7.9494514	-6.0711675	-5.8795657	-15.090267	0.96762604	-7.350729	-4.651767	12.143983	-1.0488012	-1.6391459	-6.400051	3.4459412	4.449732	4.549905	-2.5008924	-3.7281642	-7.8016515	1.8188204	-12.402416	-4.4410553	-3.2325335	2.9011765	-5.439747	-5.198351	1.0897698	1.0604947	128.87036166243698
-276.0214	90.10207	-1.1443106	120.341675	-27.138193	-8.574761	16.097979	-18.250412	-6.6959105	-10.299486	-10.002088	-0.27901846	-4.0615797	4.650165	9.274612	-17.660412	8.995291	2.9501123	-1.9609034	4.9616046	-11.091197	-2.2497149	-10.141935	9.743702	-6.5177593	-6.7684937	1.7125629	-5.4791994	4.911578	-1.8479607	-3.684071	-10.446917	2.3318846	4.1123447	3.8319702	-12.9029	-5.1512127	-15.988371	0.10073346	-2.4169421	-0.15133	-5.532286	-2.3334644	-2.1361592	-1.5297651	127.6793140897197
-287.40765	85.45642	0.5481242	125.00601	-25.225302	-8.84864	20.506615	-15.231571	-4.9855595	1.3677946	-0.40143758	4.8525143	-11.226384	-4.942075	4.0224295	-15.300964	13.812132	2.370083	-6.54159	8.489948	-2.4688787	9.693544	-8.954432	5.8653817	-8.79586	-5.2244587	5.654279	-5.0250273	3.7657814	-4.113092	-0.29691967	-6.16094	-0.8916644	-5.250391	1.4808505	-2.1855597	6.5149164	-12.898066	-11.418392	-11.536046	-2.208218	-0.63519084	1.6144407	-0.8994193	1.278436	127.1068996661468
-245.47975	72.04449	5.6160603	97.386	-18.457731	-11.180698	18.333166	-9.614462	-6.333733	-3.1444921	-5.844404	1.3107303	-18.005718	-1.3055751	7.2285824	-11.967604	10.854572	0.99840915	-3.3558886	5.0858727	2.4275331	0.4697194	-3.5223484	-0.056594804	-6.685905	-5.1858807	1.832426	-5.7479563	0.26089317	2.9587078	-1.697565	1.4188259	0.9332539	2.2844653	-1.3467356	-2.8157005	-5.130802	-10.338467	-11.0387745	-10.715147	-9.211683	-4.081882	-6.260024	-3.7395902	-3.065495	126.9254004930955
-275.90887	91.482086	5.730216	118.53358	-25.654253	-11.54554	21.68245	-6.1059866	-12.725642	-10.230989	-9.242357	1.2060608	-3.0040617	-0.11093426	11.178013	-10.735	12.582041	-1.8265429	-20.543633	-3.1782668	-10.130432	4.885495	-6.694924	0.03585729	-8.598956	-3.4792705	3.9038377	-3.9655862	1.9052093	3.2924476	6.2290907	3.309589	5.35349	-0.5752509	2.8307834	-6.868965	-1.9443847	-12.324846	-8.6439085	-6.635102	-0.13198414	1.6543567	1.1257086	-10.382783	-6.6941023	125.89749683913776
-280.01877	83.81002	-4.0511026	115.544525	-22.23574	-4.8674846	17.013546	-12.70298	-15.381426	-12.282632	-13.140828	-9.652227	-13.482191	-6.8451433	7.068964	-16.584078	11.517277	2.2624817	-7.4311576	5.7432995	-7.557132	-9.183368	-16.438696	-9.467452	-10.275485	-0.97125083	8.024213	6.0167804	6.4915214	4.8179865	-4.6008525	-12.636049	-1.2347245	0.18642998	8.67607	-8.263037	-1.7337862	-2.6949558	3.4891872	3.389447	-5.0556	-7.1400867	-0.5821515	-5.5818896	-0.5934301	124.9914958477417
-288.20413	89.77457	2.9009607	122.10855	-24.658188	-4.2377787	15.856489	-10.380236	-15.284286	-11.868334	-10.196512	-11.403215	-10.142687	-5.2213774	10.024325	-18.236	9.697619	-4.1286917	-14.938346	4.383792	0.19713181	3.6410604	-3.897975	-1.8779563	-5.538926	-3.3005404	-0.100773335	-6.331784	-8.224167	-4.9230757	-1.8039197	-1.4976709	9.358435	0.29265702	6.3771343	-8.267078	-1.57722	-9.542162	-4.83663	-0.60666263	-2.2035298	-3.91715	3.2034197	-4.0246544	3.1924512	123.62577996459201
-296.8408	87.57808	3.899152	129.00972	-22.629461	2.0740402	11.072411	-8.016755	-11.637899	-3.9130611	-4.990997	-7.9059916	-11.96443	-6.2091312	11.607964	-10.920205	17.415436	10.719169	-2.5072834	11.677893	-1.4514172	-0.39289904	2.2729697	4.258126	-1.1812592	-4.907681	1.1784153	-3.9242282	-1.822326	-0.29589906	-2.451207	-9.429862	-0.30436665	-10.561191	-4.1265063	-8.115171	5.3384523	-2.6309938	-7.1006384	-6.6965733	-3.964786	-5.8102584	0.49803758	-4.815631	2.1843984	123.00462099423528
-283.1596	89.680374	-5.159291	89.606255	-25.799164	-1.1729203	11.269239	-10.0207615	-10.618906	-5.5487957	-7.9600363	-4.365566	-9.1235895	-3.0953546	8.087204	-12.838571	11.304224	6.4569416	-6.072218	10.241271	1.4795787	-2.0558796	0.65755165	1.652842	-3.6157966	-5.139439	2.7293804	-6.0291595	-5.4162893	-0.33942127	-2.1140308	-6.9480047	3.1573286	-3.0730662	-3.308593	-4.0427027	-4.062545	-7.133836	-9.618332	-5.425	-8.313282	-8.833741	-2.3034787	-9.477022	-0.8947834	123.09629648800991
-292.08102	93.75807	11.622843	108.16379	-26.465145	1.0889616	13.034725	-3.8189378	-9.489477	-4.168612	-0.92249143	-2.9938097	-8.821037	4.99667	11.912112	-12.398329	6.7540026	3.2744753	-4.407472	2.6618361	-6.439759	-3.985097	2.053099	-1.3016298	-5.955474	0.039936543	5.829713	-1.8157067	0.51209605	0.39336026	1.1049404	-1.7555883	3.0887103	-1.0892981	-0.18085425	2.6445737	-1.8395468	-6.958046	-10.272677	-5.4245615	-12.373714	-14.324896	2.2326412	-1.9111103	6.911622	123.31337854413525
-307.2817	90.98897	11.760832	118.697586	-26.277416	-5.028994	9.498383	-5.604409	-7.7306147	-5.0309863	-5.0411386	-12.323742	-13.988585	-8.608528	10.274269	-16.435936	8.832222	-1.2380131	-13.641439	4.8978343	-5.6809907	-6.7923746	-6.363567	-8.100773	-6.477421	-3.3322194	1.819416	-3.1273203	-8.309401	-2.1024806	5.5084243	1.9625394	11.368424	1.410989	0.22654593	-7.593834	-9.545219	-1.6848066	-0.48496974	-0.47129357	-5.476439	-11.33069	5.795986	-2.7443223	5.291347	123.72929911806914
-315.91873	87.88774	6.106283	118.89722	-32.550148	-5.9567766	6.8631306	-8.905518	-10.944744	-12.751386	-5.852517	-17.885656	-14.754833	-12.497501	8.850281	-14.723431	10.96566	6.342103	-10.437408	8.854227	-4.7128124	-11.524193	-5.259456	-14.53317	-4.8190184	-5.116843	8.318431	1.6029702	-7.0526705	-4.2144585	-4.255352	-2.4257216	4.6465664	-6.380274	-8.016208	-7.4628196	-0.7971487	-0.7013755	-3.827426	-4.818508	-1.9820191	-8.712791	3.4100778	-8.941733	0.9035208	123.75944717494399
-310.27573	94.88511	12.319071	124.4433	-26.625996	1.0873524	12.320074	-6.3748856	-11.421748	-10.566601	-6.2223263	-11.703367	-6.3165054	-7.3406143	15.304973	-13.53797	12.299345	6.0125446	-9.103641	12.119282	0.8418734	-10.695416	-3.551168	-7.2527533	3.144234	-1.1705437	-1.5193093	-2.2758803	-5.904531	2.8109212	-1.7948384	-7.312911	6.664155	-1.1031182	0.69904256	-8.0667	-4.543859	-5.05624	-2.1932092	2.4620442	3.1441588	-5.2988625	4.4296637	-4.113267	-2.0075345	125.44859732950846
-307.60913	90.91325	12.55629	117.66344	-29.645544	2.82494	12.308554	-6.2812004	-12.269338	-4.1903796	-5.31496	-9.648936	-10.90308	-11.025307	18.00777	-9.52825	17.994064	11.942181	-6.1230645	12.482628	4.8225164	-9.069519	2.861732	-2.838547	4.3075614	-8.083775	-3.5460725	-0.4883138	-8.924988	-2.7890291	-1.722439	-4.7681594	1.3939011	-6.596774	1.512713	-4.1240296	-1.3009553	-5.4607224	-10.71157	-9.039215	-4.087257	-8.374664	0.06098306	-4.183012	-2.9282875	126.60982060173707
-275.5071	60.42984	7.659728	90.72412	-7.4453487	1.1915777	16.445206	-9.026064	-3.7575512	-6.281017	-9.099377	-3.227759	-13.808896	-4.2250934	8.008861	-9.702873	5.0656595	8.979077	-2.9159827	0.7072824	2.8799665	-4.916131	-2.5303783	0.7763397	-2.842231	-6.025022	0.48866987	-4.1310997	-8.140926	-0.19500828	-1.1173285	-1.8497328	0.12942648	0.6177585	-0.19011974	-3.9747713	-1.3783928	-3.627319	-5.652666	-2.0318954	-2.2636735	-6.978553	-7.7815747	-8.629665	-3.9518518	126.94663219548546
-348.27097	80.13474	9.217682	128.2554	-14.210421	-1.7683352	12.990942	-6.278386	-23.28257	-6.735965	-16.044634	-4.0322676	-6.184323	-9.1197195	11.161127	-17.54678	-2.595827	7.8526893	-7.9463477	-0.583135	0.8788996	-8.747804	-8.22168	-8.853938	-6.0583353	-6.13354	-8.965084	-2.4822657	-13.336094	-1.0027065	6.3276043	4.682643	17.18013	4.5776706	5.922043	-12.710401	-14.674761	-19.337727	-13.074522	-2.3785193	5.220787	3.2266288	3.8481119	1.80711	-0.3680756	126.14205439586178
-396.0624	118.016785	-3.978851	110.82798	-21.050888	-13.704171	7.866473	-2.4828193	-20.511005	1.9206364	1.4437578	-3.0419428	9.041456	-8.966721	12.831942	-9.235728	-4.5046825	8.541548	-3.4558825	-0.59278023	-2.0901024	-5.075676	-10.594458	-12.332221	0.7278304	2.0606406	5.588394	3.379099	-10.281038	-14.455236	3.746448	5.5817986	6.2406225	-14.5726795	-4.5052605	0.7517326	12.876743	-3.0287611	-9.498198	-1.2721337	5.804763	-2.4228344	-3.9816084	0.08901982	8.961683	129.750308139392
-507.9888	145.42535	17.438423	74.02536	-3.429733	-5.7410727	14.848566	10.113559	-3.356017	-2.7603755	-1.6776161	-13.403494	-2.5724	-12.831917	6.2609572	0.87136817	-3.591932	-2.141778	-1.3634686	-1.3147625	-7.854785	-1.9125156	5.1339073	-3.3775642	-6.062683	0.0838809	-5.2675896	1.9848664	-3.901554	2.0772874	2.008005	3.1207738	1.1739557	-4.8657	1.2131553	-1.6941533	-2.1780827	2.6389747	-6.5167613	-3.5121188	0.4289635	-2.4516873	7.044034	8.534692	9.274935	136.6904863896429
-532.70154	149.15381	39.271137	79.538704	-13.467108	-19.784998	13.574304	5.177835	-2.8394651	10.433956	-2.4213169	-27.735218	-3.774215	-0.36097646	-1.2967539	-1.2833679	-0.4468462	0.4060499	-10.282795	-5.6512957	-8.975056	0.8798528	4.8414383	-13.665857	-7.229818	-0.8909153	-12.398325	1.9205225	-0.0533527	-0.47030494	-6.679869	-2.6434624	-7.9771547	-5.9746666	-6.47093	0.46893072	1.0631098	-4.6263494	-13.756406	-5.199007	-0.64699185	0.34665984	5.183054	14.57891	11.148225	141.82053396390106
-531.7434	149.44576	36.72145	74.60847	-6.3657365	-19.571613	7.0541615	5.4694247	1.5812136	16.13354	0.77333325	-30.031534	-1.7584499	-2.317243	-2.0182397	6.089424	2.6990395	0.7751806	-13.804335	-6.4428463	-9.543165	2.364524	5.894838	-19.05397	-0.99391055	6.534482	-10.133976	0.028893352	-4.675894	-3.9551663	-6.4784994	-7.734106	-12.734886	-7.4736304	-3.291196	3.2061684	2.5136528	-6.829321	-13.688771	2.196352	2.9836211	6.1141777	12.932789	6.8632317	3.609954	148.0003373501419
-528.0639	136.32455	22.987278	74.30531	-7.416272	-11.978378	7.680186	15.017342	3.7702103	7.3171	-3.187654	-34.97609	12.238649	1.5584942	-8.889458	-1.4274734	-11.149601	1.8381706	-8.752016	-11.898645	-14.630874	-4.1899767	9.067743	-2.6591544	2.7392626	0.7536044	-9.050907	8.76502	0.831184	-0.78272927	-6.172062	-12.625304	-0.3199294	2.11905	-5.551597	-4.9709015	-7.9953623	-8.462597	-1.0040889	15.667067	12.647321	13.754794	13.214748	9.477075	6.8766394	155.4097289078517
-517.3084	144.3859	17.396206	64.82011	-3.1386456	-4.507533	3.6225965	8.854046	-5.9681263	6.913337	-0.9981998	-32.470066	13.384745	0.25161844	-7.0380335	10.47579	-4.9595075	3.9092803	-7.8276834	-9.939344	-6.2053623	-2.1654904	9.138773	-9.383923	-0.54750574	-3.7609	-11.653112	-1.3604106	-6.6275783	3.6781974	-0.004104376	-6.8434615	2.2414846	0.6020718	-3.0879762	2.3179288	3.3748956	8.276451	7.1362805	18.826387	11.563122	4.4101534	6.795775	0.96324015	-1.3053676	161.8075454181729
-546.75885	127.79971	29.095873	76.36689	-0.73932016	-5.9434986	6.841698	16.383392	2.4727867	8.888785	-7.022275	-36.874893	7.7083416	-5.345992	-9.389473	9.788944	-8.76697	4.4417663	-13.491545	-12.887117	-5.396795	-0.19496727	11.072634	-4.4001956	3.8885045	5.7569094	-7.722089	5.1736336	-12.119827	-1.5408596	-6.872139	-8.427162	2.7252605	-3.4606543	-7.070257	6.063768	14.163808	22.130833	12.236073	12.767977	2.3576665	-8.959282	4.814907	7.3922606	3.135026	171.3796340779446
-539.82184	144.11646	21.920914	50.513187	-0.9018756	2.8693223	12.67058	8.382486	-4.180404	8.356947	1.8095057	-24.268034	17.837727	7.024391	-2.6398015	12.32482	-8.773037	7.4247813	-10.4808235	-5.390275	0.27361238	-5.7354555	5.0842295	-13.01133	-7.0355062	-5.406045	-15.123325	3.3648984	-10.297433	3.2076921	-1.3749412	-10.33153	2.917935	6.2981367	6.2908735	12.90448	14.047174	15.320949	-0.30110648	8.566981	-1.2678413	-6.381235	1.9379803	1.3659579	4.033127	173.35817789253736
-573.22406	130.27618	33.043873	57.773415	2.6107364	-3.1492615	13.988855	18.473404	0.31639862	2.7022822	-3.0688558	-28.433279	12.416439	2.6968443	-3.5871782	16.717402	-4.8803225	13.1430855	-9.906479	-11.478725	-5.8415184	-10.842543	2.0496242	-10.643702	-2.6209707	-1.3325188	-11.247107	8.2183895	-5.4971867	2.8829553	-2.1798067	-5.206899	8.778288	10.119213	13.894821	17.869678	13.637974	10.016216	-6.137112	2.207367	1.0491881	-2.7217953	-1.0729407	-2.4902802	-4.7995405	178.34533040108116
-589.11633	137.95674	45.506958	51.5244	5.690757	-1.8998544	9.988129	14.782461	6.7169104	8.343401	-0.25624585	-27.09774	7.8829765	-3.9976945	-9.627323	4.3278747	-8.512327	14.749923	7.556307	-2.8690712	-0.5676615	-8.116211	-0.109276295	-5.0129995	-10.92314	-14.354391	-14.211286	9.9451065	-1.6016707	14.050594	2.0287023	-4.458578	5.652186	9.800938	9.909561	1.8496547	-1.0147648	4.0678234	-1.6327361	5.1450405	-0.2544924	0.41871735	4.2095222	3.2068474	2.983457	0.0
-590.547	138.10385	47.119194	58.55249	5.8466606	0.97503763	9.09445	12.511383	-1.7144618	0.5337435	-0.024526715	-30.827404	11.096237	-6.4928045	0.63640606	6.730226	-7.9589033	7.2618823	-4.361852	-14.092189	-4.6010942	-5.026606	2.4717207	-5.499358	1.7138261	8.180487	-0.4229169	7.2676516	-12.013499	5.6792917	-3.3723378	-4.108531	8.422274	6.3183866	7.4709883	0.3867371	-0.104631305	-4.237897	-8.544796	-2.0189989	-2.604557	2.685319	6.060197	2.5183473	4.032201	0.0
-612.3697	124.88	43.04711	54.221645	7.566722	4.02045	8.713861	14.976255	1.6027387	-2.246659	-5.2118206	-26.409538	7.4825134	-7.1405916	-2.2879715	5.9879875	-11.926035	8.619909	-1.0796567	-2.5945072	4.8184547	0.30149418	6.672222	-3.2628112	7.9853683	10.856116	0.94285583	10.96328	1.2504008	18.013025	1.757721	-2.1473694	5.9360094	4.445187	2.274368	2.3072262	1.8028783	-3.6109273	-6.9470916	-0.53666306	-5.7547517	1.431191	-3.2309012	-6.9483814	-1.9913254	0.0
-637.57904	110.14936	48.934753	51.11071	9.440157	10.179663	16.664085	13.7704735	7.0518074	-1.5698936	-10.357084	-18.234539	7.6854477	-10.494526	-7.0919657	2.5548615	-3.7715242	5.8203645	4.275486	-1.4437572	-3.1277077	-2.8263745	0.84855425	-0.735621	15.093283	17.146618	11.002587	8.811322	0.96938384	13.003533	3.0228236	3.2888393	11.180332	1.9722682	-1.233732	-2.674847	-1.9526286	5.684909	0.48664123	-0.34869176	-9.035057	-3.907707	-12.780743	-2.1076946	4.3982105	0.0
-634.58307	120.833786	52.1757	46.55832	7.559273	9.609752	19.858704	14.373891	5.7806945	-8.685631	-12.661736	-14.419249	10.178642	-14.338728	-12.095766	-0.37347984	-3.66416	4.41774	-0.5284643	-3.6526275	-4.0832243	5.571465	2.9835587	-3.4120185	9.962374	9.246043	4.021047	5.0681496	3.2980008	10.821824	3.9101644	4.0350323	9.797808	1.0418897	-4.240526	-6.965729	-9.094793	1.4585485	4.4687643	5.9543185	0.96205187	8.701849	-3.301588	2.0226707	6.767541	0.0
-653.78094	110.50447	53.097305	40.227543	14.74485	21.037558	21.04964	12.093361	8.688248	-1.6347766	-13.439253	-16.799467	2.7404084	-8.370279	-2.4594183	0.0428648	5.232607	13.231678	3.383696	1.2141905	0.7232985	5.657426	2.8146367	0.059147693	-0.15951836	0.52062273	7.8736653	12.283628	7.806781	11.00431	6.212022	5.787715	9.183046	3.193575	-4.3855405	-7.090882	-6.432	-4.623519	-4.2918406	1.8524315	-0.11751366	5.974999	1.8561664	5.52469	-1.2853267	0.0
-650.8194	121.15896	56.74383	32.193367	12.281216	18.035942	13.144669	6.664871	7.2945576	2.813622	-4.2745266	-6.9001427	5.21439	1.8543211	5.9452944	5.872426	-0.9636536	-2.34805	-3.2751899	1.2339512	0.98095185	1.3791057	3.6311054	2.8170726	5.039555	-0.81064904	2.5504682	5.541687	2.5899394	4.6907167	-3.5551357	0.39816397	4.7749786	1.2877584	3.8242297	4.2399044	-5.394288	-5.9521847	3.3811102	-3.08825	-4.5533032	5.531381	-1.2900674	-2.2365918	2.7967901	0.0
-687.256	90.66244	54.3711	39.799076	24.543957	24.505999	22.16278	7.6188936	-5.5174675	-9.510042	-0.5466748	-0.3075694	-0.3119495	-2.468874	5.232068	9.9170475	7.286317	2.4532008	2.40321	4.212439	4.4475255	4.4919095	3.210125	1.3183172	2.8060489	4.6501374	12.846572	12.504036	6.0774055	11.915049	4.792409	8.068661	5.5661044	-1.9157289	-5.088847	-0.017543077	-4.009444	-6.9275494	-0.42865765	-0.041769207	7.2167664	5.486457	-12.4411125	-9.08964	0.1972428	0.0
-701.93646	70.58656	36.693523	30.859367	22.079351	21.818989	22.543667	11.021835	9.382679	4.2392483	17.426804	14.107366	10.717442	5.897436	8.572108	-3.4490645	-5.4812555	7.125199	12.846586	5.729562	6.091964	9.956814	9.60342	7.146197	-3.771668	-7.799424	10.286083	12.817892	-0.23908436	6.1462955	1.1399562	0.087855905	-2.7362657	-3.9462354	-1.2999703	-0.5498512	-2.9013903	5.219137	0.07107496	-5.5359325	-2.352559	3.274988	-2.1065507	-0.41472542	-0.98802376	0.0