-361.05292	151.17267	-14.458185	7.059783	-19.55	2.7047143	-14.205074	-6.3450704	9.703577	28.75835	9.437438	-9.135553	6.681086	-4.0000906	-2.7194576	-1.8362823	-6.951338	-4.724621	3.3705559	-2.1219525	-6.7136807	7.3548136	-18.133839	-3.1920428	-7.2359204	10.876011	6.7847605	7.319765	0.59630525	3.1105056	6.2586746	-5.976474	-0.1175372	1.15324	8.998886	3.6749544	-5.196163	-10.539721	5.992635	8.864378	8.004444	1.0498366	2.4033036	3.8185577	-1.6522291	0.0
-265.795	155.98138	-54.330368	13.586897	-20.971016	4.6569915	3.9171188	-17.011793	11.262542	27.39628	3.7283933	-13.11755	3.4082327	-6.23089	0.07630265	-5.7379265	1.3097796	-3.967521	3.974022	3.4685507	-13.22802	3.5793242	-3.4757776	1.4201486	-3.672479	3.7890964	-5.375164	5.137193	0.9376845	-8.154674	1.2234113	-6.537201	-0.7200892	3.7316577	10.066128	6.525711	6.093701	-0.8693352	-3.9871058	-5.5150814	2.865294	2.677637	1.1075257	-1.3396001	-6.5892467	0.0
-229.53659	146.70493	-63.949528	18.697414	-36.12498	11.673071	1.8484571	-14.204929	17.445654	18.625908	2.1993828	-22.203766	-4.2956533	-11.721134	-7.136889	-6.9770303	-2.8482232	-1.8037908	1.3312584	-0.36136773	-14.619881	5.857405	4.50214	2.947471	1.2049699	-3.363665	-1.7938566	-0.89434505	1.9207789	-5.3650904	1.9427662	-4.258096	-3.8101952	2.9637506	4.5995207	5.246607	3.2961867	0.9065453	-4.760372	-2.0637045	-1.1620047	-0.62794054	-1.7857156	-0.3370018	-3.5717988	0.0
-198.93416	147.07474	-80.70111	16.271677	-41.382225	19.637257	7.799666	-11.817167	17.259789	19.133354	10.790115	-16.81643	-0.34971952	-9.583284	1.3872892	-1.1496317	-2.21958	-6.6095366	-4.284383	3.444633	-8.490278	8.549971	4.468282	3.263608	-4.288355	-7.5378714	-2.2628057	2.906586	1.4559449	-9.047415	4.3348355	0.13710314	-10.6394	-1.8684262	-0.81116927	-4.382126	-7.777357	-2.2906032	-6.1453576	0.34466007	-0.15254718	-2.1970377	-3.2901525	-1.3233275	2.426268	0.0
-195.0643	142.9097	-81.434204	16.885162	-48.022987	16.322723	8.185663	-6.502397	11.470087	13.107925	0.019366503	-20.101503	-0.022230148	-0.4760627	1.7495283	-8.34646	-6.4029922	2.2737784	7.516164	6.5230937	-10.876608	-1.9779372	0.59095085	-1.5511587	-0.7657627	1.9305487	-1.4807296	-0.016756773	-4.3482113	-11.35162	-2.0610962	-0.057896256	-0.5720234	1.3719025	-5.904962	-5.538124	-3.8045487	1.4368681	-0.90086263	-1.9461778	-0.31121916	-2.9070115	-1.6749358	0.80972385	6.7723694	0.0
-197.7968	137.17375	-89.84212	9.903859	-37.063644	14.423498	12.609892	-8.592073	8.115229	9.203928	-3.0630884	-12.479239	7.8466444	10.265476	7.1576686	-6.040323	-6.6918063	-1.3725611	1.7484665	7.9019775	-2.3845365	3.1463318	1.6627599	-1.277397	-2.1642535	-3.8919058	-1.1671467	-0.83883524	-2.2437854	-3.5155673	-1.4805934	-1.9989269	-6.603967	-4.722119	-8.840059	-8.871433	-6.462724	-1.1671224	3.671581	3.9847698	1.1724925	-4.646831	-4.7335534	-1.3854051	4.377861	132.72505322771212
-213.24211	140.44394	-90.25261	9.739029	-38.09489	9.784933	16.546171	-8.963844	7.5911455	5.7169037	-8.6509075	-12.642334	0.5261419	4.801459	-0.2906884	-12.172934	-13.801255	-12.082575	-5.7886586	1.4092481	-9.161756	-7.2081375	-5.538614	-7.545558	-3.888369	-0.47272187	3.1034436	5.52715	0.165591	-1.7168761	-7.6273327	-0.95307505	-0.5991653	-2.1326559	-11.778452	-12.281421	-4.7899017	-0.15804887	-0.91617703	-4.802262	-5.911278	-7.167068	-7.0369453	-4.22189	1.5473418	131.85790088620004
-210.04301	142.89319	-97.901596	4.852112	-22.638885	16.16462	24.544504	-11.874159	6.92769	7.8892117	-7.8252573	-12.035957	-5.3652377	5.908664	1.061129	-7.639072	-5.8606396	-3.3854914	6.5157695	9.067965	-1.517561	-2.945601	-3.0626311	-3.5184548	-3.9445028	1.095174	2.0112581	4.6916494	-3.3845892	-6.821293	-10.475645	-6.0453	-9.497494	-4.8718014	-6.3038826	-4.631671	-3.5831602	-0.2526518	3.5327797	-0.8988846	-2.1917417	-6.8699584	-7.3549156	-6.6176076	-5.2983503	130.67375345630023
-213.82025	142.66962	-92.30614	10.479589	-23.839554	18.073626	24.2145	-11.14157	5.986435	7.4827	-8.215184	-10.371401	-5.0550804	4.0885105	3.419715	-8.815893	-2.574797	-3.9910793	3.7962608	5.2008276	-5.794302	0.13683444	-0.7129974	3.8479578	-0.93894833	-2.62953	-4.971427	1.6170299	0.54910624	-0.10069144	-3.9947293	-2.0736573	-7.169008	-4.052191	-4.120633	0.25886142	-1.7482753	1.5609145	-0.70697904	-1.7200518	-1.4687903	-3.7735398	-3.0952652	-2.0087826	-0.9354638	126.13580191059422
-214.87537	140.69687	-102.426346	11.588151	-24.061485	26.06823	25.061188	-11.261985	7.98026	11.490678	3.697155	-3.8029952	4.3483677	2.4191906	4.544533	-13.194671	-3.6703982	-8.275973	6.672304	12.773495	-1.840488	-0.1881845	-6.2334833	-0.17253411	-3.881639	3.658011	4.4094696	7.3279314	-3.4380598	-1.7548528	-4.712058	0.058393836	-6.20939	-2.6598873	-5.4381166	-3.5109992	-2.85605	-1.9801371	-7.579378	-8.795158	-6.207222	-5.399292	-4.716758	-4.2664137	-3.178478	125.33545267320812
-200.92499	128.15314	-99.41621	9.101122	-16.545223	14.566944	22.779814	-7.176739	0.06627703	7.159096	-5.5558147	-2.5829716	-6.8925138	0.7518384	-1.5321312	-14.659984	-6.685023	-8.778456	1.2935393	3.7229612	-9.303551	-9.276996	-3.3578053	-6.2993307	-1.2040405	-1.8225794	-3.676735	3.9335556	1.3000226	2.973082	-2.2573462	0.18497047	-3.8308086	-5.05956	-4.628078	-2.046606	0.73066574	-0.8148236	-4.9404526	-4.7048287	-3.9497733	-1.1025208	-5.2240887	-4.848209	-6.894109	123.8573228274906
-178.17094	119.803696	-79.17039	-1.5753149	-9.599519	11.059391	15.579023	-12.048771	3.659501	5.4031973	-8.773666	-1.2955533	0.5610944	-0.68122876	-1.5865827	-4.2860966	-3.427908	-2.4529755	3.511803	1.4476981	-1.4025679	-2.8708901	2.1474528	4.8120384	0.68518835	-0.16760969	-3.2594838	-1.7562511	-7.3458157	-1.922454	0.7207277	1.4923534	3.5189874	-6.1219625	-5.6012993	-7.084092	-5.0552034	-1.1596823	-3.929345	-1.2855071	-3.3026109	0.289836	3.790838	6.6771293	6.2862806	122.57077804345744
-205.3397	119.73523	-90.5741	2.312236	-20.330296	20.114891	20.940788	-12.276947	4.515244	8.080467	-8.574976	-8.701004	-4.9682665	4.584649	1.3340747	-10.742006	-4.463345	-6.5549936	-0.06857243	-0.16246614	-3.1621773	5.834873	5.3046412	2.4620311	4.1223636	1.3165491	-2.4953237	-3.5020578	-11.956068	-9.533712	-7.2152886	-2.8428469	-0.7758148	-2.763594	-4.677254	-5.011136	-8.806044	-2.482231	0.08424854	1.9192069	1.1328411	-2.2880309	3.1078174	-4.1330147	-0.57981896	121.12381102532918
-211.87947	134.70241	-103.28307	12.694019	-25.47504	34.62951	18.607264	-8.473007	-0.06606126	13.817722	-5.075863	-0.4113006	-4.5642705	4.4856997	1.3425312	-7.864481	-1.0472977	-9.143129	-1.6676302	-2.4892497	-9.74037	-2.6868687	-8.188223	-5.8627424	-1.8668046	6.7599144	2.920021	4.439353	0.78387785	0.99655557	-2.1831512	0.4519966	0.32078332	1.4699724	-0.5557868	-3.9981816	-7.9470153	-7.028906	-6.7348166	-2.97607	-1.497899	-2.7464821	-4.038913	-2.7265608	-0.057110786	120.20912360190704
-197.99054	125.66477	-94.86742	5.328945	-17.131779	25.207077	20.717907	-16.918585	-3.6139662	7.2015305	-6.898047	-4.538108	-6.727771	0.82934386	-3.8128703	-12.647273	-5.36872	-10.000785	-6.18999	-3.1118207	-10.181738	-1.2021037	-1.5320667	-0.82300997	1.4960849	3.6738572	-0.012455627	-5.551573	-9.379784	-5.281355	-1.8682971	0.44582748	2.305344	7.0833335	3.46407	-1.3973072	-3.7519102	-3.272141	-5.2667456	-1.5399241	1.8158745	0.49504304	-2.8438091	-0.929127	0.77619195	119.109625766494
-191.02698	123.375786	-87.83034	3.830504	-13.790267	21.69479	22.37213	-16.672235	-1.0100822	11.282586	-5.792277	-2.6734881	-5.531459	4.145922	-1.7751923	-12.351767	-6.409999	-9.661289	-4.5431213	-1.6851469	-7.7029376	1.1942351	1.4504354	-1.4222702	0.75565064	1.3762093	0.94292134	0.44574267	-2.0731177	-4.779745	-11.609837	-10.750986	-3.773845	5.1322527	3.7927856	-1.5681435	-1.2770371	0.45897102	-3.584979	-4.7273874	-1.224492	-1.7402012	-4.3157864	-1.5823531	0.7404653	117.83644507026663
-196.6093	125.64662	-94.20778	5.676737	-19.47285	20.445019	22.46753	-14.47065	-1.974474	11.632095	-6.337285	-0.87777764	-8.049286	1.9695861	-5.025011	-16.378838	-8.779722	-6.476409	2.071334	3.0148442	-8.287304	-0.57708406	0.9712448	-0.41715527	0.50817776	1.5333995	0.856624	3.8614395	0.79077697	0.8718977	-7.0183916	-8.339102	-7.925909	1.0229473	0.7356181	-3.3539245	-4.069614	0.08155537	-1.3590164	-4.2647	-1.4411259	2.9828222	0.48555934	-3.0153286	-0.43545997	116.63287906125119
-207.48647	125.75906	-96.021484	12.535173	-15.251114	26.67506	21.448063	-20.50943	-11.069244	11.708017	-2.156044	10.161289	-2.2751918	8.800636	-2.6685338	-14.464604	-7.8777914	-7.8253236	1.5890237	6.124734	-2.426014	2.951036	-1.22175	-7.1298237	-7.823348	-4.8727245	-2.2882526	7.4719005	6.44113	5.3580966	-7.244893	-10.177225	-11.236425	-2.9183166	1.5254443	1.834208	0.3784685	-1.8082875	-7.2822733	-10.843646	-10.054352	-4.69035	-2.1487324	-0.36872935	2.2053475	116.55229352985825
-204.81396	126.21848	-94.53888	0.31228977	-27.710697	16.85032	18.292385	-21.451208	-8.656806	7.8587413	-7.1880994	-1.1823554	-11.30424	-1.1613061	-8.476124	-17.058727	-3.894898	-3.5931664	0.35311353	0.27690458	-9.679343	-6.573167	-6.7678165	-8.255938	-5.0794697	-5.7502823	-5.760071	0.6614405	0.62983274	-1.726833	-3.7820928	-2.196899	-2.7953153	-3.4929168	-1.0026846	-1.9205446	-3.969149	-6.352113	-4.565713	0.86957145	1.3807371	-1.647229	-3.2186308	-1.6081793	-0.23236299	116.45438772626625
-217.61513	125.1967	-98.78288	14.013667	-24.684578	21.852497	22.32312	-10.18182	0.35548016	12.925877	-10.238652	-2.9776344	-14.453518	4.2937164	-3.256848	-12.865273	-7.280546	-6.7568717	2.8868537	6.4590664	-8.088009	-3.9621112	-1.0932162	0.21072406	1.9303699	0.68239594	-0.43237436	0.21974158	-2.6094165	-2.761921	-4.4955783	-5.3568883	-7.559521	-6.6573005	-3.24931	-3.8279166	-3.0592988	-3.2449374	-3.8467357	-4.1906543	-2.353425	2.010058	3.6830735	0.78245354	-4.679446	115.965778477063
-211.45863	124.72966	-98.53043	11.590328	-20.930725	24.138887	23.472458	-15.149601	0.6071997	14.128214	-2.9741473	6.2941513	-6.0453463	-0.74154115	-11.933066	-17.499027	-1.4079076	2.1951056	8.581184	4.7688656	-14.409653	-9.991719	-2.7539146	1.6905572	4.4756017	4.279014	1.775502	0.53470755	-2.443685	-0.9248407	-0.86960506	0.5379107	0.6527574	-0.9965308	-3.1948376	-6.9580426	-4.170947	-1.7487414	-0.8012396	1.8935003	3.4925642	0.6876918	-3.7766817	-1.9838817	1.9822884	115.21598345318667
-213.20059	132.3269	-101.531624	12.505728	-28.51693	24.075478	17.778362	-18.309048	-5.260253	14.8905735	-6.8606663	4.6528926	-10.108346	5.1245427	-3.82364	-12.204521	-6.557936	-5.523881	0.9547204	5.668184	-12.303661	-4.9315977	-4.4995313	-1.6784594	-1.9444569	-1.2532542	-1.4225584	1.3300562	1.9747517	3.0334752	-2.632574	-3.599577	-3.9087198	-1.039434	-0.21390875	-0.9291606	0.85955775	-1.5081673	-4.82723	-1.9879279	1.7447941	-0.6780317	-5.6259384	-4.310363	-1.5934354	115.24130929327636
-211.71599	131.92441	-98.55337	12.095161	-30.155645	20.931896	16.984383	-15.025898	-3.9630997	9.578644	-9.972675	6.663518	-4.913728	5.352179	-5.2007847	-14.598331	-1.89642	-0.73426527	6.45656	6.3424015	-11.296835	-6.5123305	-4.7174244	-0.35697794	-0.23189765	0.18302289	-0.83156085	1.9757696	0.62671214	1.0602052	-1.5537869	1.2020438	-1.7978187	-0.42093736	-0.8760514	-0.15052366	0.8705592	-1.0473915	-4.478488	-3.4162574	-0.0824278	-1.2047408	-5.0666146	-1.9242917	2.1079445	114.55265995646275
-217.3122	127.31787	-98.89255	11.926523	-27.357918	23.59072	11.957666	-23.844849	-9.453569	12.815939	-4.2860804	6.4045134	-14.706852	-2.4268208	-9.231174	-11.804826	0.8641863	-1.8207185	6.0803843	3.5560217	-15.63884	-15.052128	-9.2673	-1.0700723	1.6721911	0.54701066	-3.2382412	-0.5596838	-2.44712	-2.7477193	-3.6048315	1.699969	0.31797087	-0.49240065	-3.6096442	-5.243651	-6.307026	-6.6312675	-4.761815	-1.999115	1.20046	-1.5544946	-5.273546	-5.651522	-3.6868768	115.20503287096005
-217.85608	128.43439	-95.57262	6.689934	-29.849953	26.857151	20.105299	-14.8563	-3.9432511	12.706902	-8.21545	3.7063735	-18.387745	-0.89628446	-12.203281	-13.584055	-1.5963066	-3.6005666	7.008272	7.6692104	-8.056652	-9.276083	-8.302956	-4.9997106	-1.1490384	-0.41702878	-0.6933297	4.411479	3.9555082	2.2760072	-1.6975362	-0.2583775	-2.807815	-4.5568237	-8.329857	-7.1627235	-3.6554902	-2.7155154	-1.9145788	1.5252395	6.1432743	2.4210074	-1.9765644	-1.3481386	0.54750705	116.5815030730911
-222.03006	134.2934	-90.8911	3.334703	-31.424807	26.125933	16.225628	-19.264864	-5.814439	15.057959	-6.629753	7.5926046	-16.164124	4.8862305	-10.13052	-14.808257	-8.427391	-9.921587	3.3088078	5.795665	-10.532671	-9.766901	-7.4692574	-5.54897	-0.8039891	-0.5370574	0.38677865	3.0788248	-2.0918505	-3.9724336	-7.2920375	-6.888612	-8.257125	-4.817925	-3.4260755	-4.2941275	-3.4796274	-3.491155	-4.432866	-7.058173	-4.537297	-2.1903653	-1.9901869	-4.206058	-6.061586	117.3232543963757
-234.27318	138.76553	-86.48156	10.601076	-32.216774	26.823555	12.983579	-17.820484	-3.9315295	21.743187	-3.0623732	10.574514	-20.474583	5.616332	-7.598918	-4.554206	1.7688154	-4.216877	4.669858	7.114747	-9.442713	-5.172927	-4.9937587	0.74718064	4.221478	4.541481	0.7382728	-0.005489111	-7.508717	-7.8497744	-8.577982	-3.8498387	-0.46471018	0.42537653	-2.652328	-6.821107	-5.643377	-2.7202196	0.6877808	0.043429255	0.68218493	-2.0110598	-4.813551	-1.7638223	1.1667321	118.06690776519059
-236.42233	146.80672	-80.87576	10.37961	-30.881163	27.832104	19.12373	-13.818024	0.09975044	17.736465	-3.5976999	9.84968	-14.931137	8.071211	-6.0534234	-5.4923816	4.7580824	-3.3024726	9.404259	11.058274	-2.4285955	-3.0930634	-8.18173	-2.5361028	4.9184494	6.022605	0.61496544	4.1464286	-1.3189154	-2.0455403	-5.1521263	-7.400931	-6.0681925	-7.185363	-5.143381	-6.554768	-1.1767697	-1.0783955	-3.0857892	-1.2272513	3.4944954	-0.41829848	-6.507163	-4.1998405	0.07716036	120.26248200121333
-252.84798	157.26859	-77.10296	11.113471	-41.011158	23.823793	19.699516	-19.170088	-1.6140599	16.245888	0.07566059	16.44397	-12.751158	13.089893	-2.3342576	0.04885128	1.6199894	-8.316584	6.800581	11.562744	-3.3354309	-0.3831401	-2.9217625	2.8792326	2.8551297	5.89811	-2.393416	-0.71585673	-10.831202	-4.2798386	3.2075136	1.1123265	-4.410117	-5.7812524	0.7511033	-4.5025654	-8.821665	-8.444515	-2.552531	-4.5517573	-3.6640377	-4.5695186	-3.0407133	1.4306502	0.07294309	120.70042617345153
-277.14505	168.96332	-70.00014	17.654535	-46.857998	20.991745	23.501476	-17.007011	1.2638888	13.376892	1.8375211	21.881044	-13.820726	5.5387583	-6.2160745	-3.1154904	0.6097622	-8.009975	9.672106	9.043594	-5.107525	-3.542326	0.60602427	-2.6007633	-1.1513436	-2.239065	-0.78361195	3.6134658	-2.4717689	0.14004338	-3.9279275	-2.2715464	3.6854687	-2.7336414	-5.4411817	-8.371307	2.8714635	-3.904307	3.713893	-7.262316	-4.9274454	-2.8821402	0.36680207	-0.38609114	-4.450124	120.60962175261021
-316.72833	166.18611	-45.01034	5.852502	-39.90792	3.2478356	30.19258	-41.269867	0.68567705	12.553463	5.142437	20.345493	-17.530468	2.369245	-11.809281	2.1133807	2.3229392	-15.396864	-0.93463695	4.7505183	1.9053564	6.894607	-2.1198483	-13.980311	-0.9928524	-5.2722816	-3.7227213	1.904928	-5.881036	-3.0298727	3.2138643	-6.9182262	-6.008849	-6.5372343	-3.7111335	-0.33457482	-4.5943213	-1.6321375	-1.8755078	-5.192457	-3.526711	-8.0711975	-7.5564685	2.0167172	1.8631308	123.12843691302149
-368.85477	169.10497	-58.294563	56.29719	-3.597897	9.354059	9.610216	-30.286604	3.7317142	-6.6566024	8.709362	9.03837	11.381437	15.831181	0.6702738	2.3606548	-12.790697	-6.8998165	-4.3969026	0.53360116	5.1979966	-4.488882	2.8390436	1.2679515	2.6974654	6.4962664	-7.018794	-5.6064057	2.9424944	-5.283637	3.8274798	-6.0790443	-4.8063626	-0.43370086	2.3443666	-1.5486845	-3.4532938	-5.021941	-2.2253962	2.2239828	-0.97360086	3.8338923	2.3291864	6.593853	7.476034	128.63022298723376
-453.59644	155.50656	-36.052788	53.499184	-6.6262603	28.794167	29.67328	1.5378916	-3.8192139	-11.672775	17.564405	-16.344765	5.9351673	11.0786915	-15.426199	8.60972	-2.833466	-5.782777	5.389532	-4.968349	-1.5371337	-5.978205	0.8464507	-6.1779356	0.08848176	-6.4989214	0.6579211	2.3429558	5.9966316	6.352441	5.4220357	0.94127846	3.291379	-0.29114923	-2.1692348	-7.218054	-5.867573	-3.517623	-11.026031	-4.238609	-4.464003	4.034606	6.287277	0.5004554	-0.051746905	130.35574267590184
-456.8959	143.37326	-36.377464	52.281773	-5.695936	27.731071	33.30806	6.0060306	-3.0624614	-19.285389	5.3005805	-19.034779	7.613979	10.566761	-19.04214	7.88427	2.1851568	4.5826993	7.5070043	-10.951883	-2.4681869	-3.8977423	1.0147178	-9.067937	-7.7516894	-6.31786	-2.1574297	-1.3756573	-6.6544266	-1.5088654	-2.0820239	-0.29003525	-2.8351328	-7.757397	-2.6886368	-4.210923	2.4018378	-5.4116035	-10.29971	-5.1176734	-4.340559	-3.171626	-3.269316	-0.4750864	5.618269	133.04892923331252
-462.96323	147.57504	-30.274792	54.45726	-3.0664704	32.429993	30.402168	12.056896	-0.43976435	-19.260826	1.3728468	-29.38457	9.725489	7.199362	-14.998648	4.492839	4.799377	2.1375756	8.257882	-18.361753	-9.263698	-3.7605128	1.4561868	-4.8513937	-4.045229	-5.007743	5.08996	2.300164	-6.0888753	2.1894639	-1.5754362	-0.29186034	-2.2121508	-2.3020854	-4.0052743	-1.4860419	0.100464046	-1.6197019	-8.84033	-1.5159807	0.023513317	-2.067491	-4.325107	-2.2217903	5.9840193	136.54661393852678
-467.90128	145.54071	-34.019375	43.19249	-9.7264385	23.052996	23.08704	5.4780183	-1.1120145	-12.646322	6.147915	-22.177074	14.152151	7.9079285	-14.230471	2.9701302	0.31846696	2.4401727	9.06044	-13.752398	-5.3187027	-1.9868958	0.42776334	-5.649393	-5.2288256	-8.938805	2.7716823	-0.54173917	-0.37693095	6.5001106	3.6078758	-2.5075173	-6.994282	-7.6250463	-9.343384	-2.5146997	-1.5052619	-1.5741816	-1.2646056	6.948471	3.1940565	-0.33179665	2.272557	14.080978	19.172543	139.16652888587518
-466.77408	151.11263	-23.988935	49.044327	1.103586	27.511757	32.511967	10.184044	0.57755816	-11.948326	-3.0108743	-24.672089	6.663774	4.862257	-9.178627	8.72352	1.7924302	4.763141	7.628503	-16.26078	-6.6745253	-4.405097	-0.41449618	-4.9739895	-0.50211537	-5.7903247	5.4882183	-0.72449064	-5.2952623	5.059963	-0.6053381	-3.479941	-2.6890357	-3.5589986	-4.4268045	0.10130763	-1.8232515	-0.48891217	-0.877481	-3.356926	-6.0568438	-5.1256075	4.610956	18.320694	12.012802	142.3796217304319
-480.18936	145.284	-25.557917	37.966743	-6.854596	14.448368	24.16586	3.5288672	-1.2089845	-7.109391	0.5543614	-16.157545	8.304468	2.532535	-16.108768	-1.2315122	-2.9470146	8.650217	4.382602	-19.439919	-2.6808293	-5.660284	2.4994612	-6.997321	-11.067255	-5.5407934	7.573844	2.0920842	-2.5930543	7.04595	1.9957039	-6.629596	-2.8620255	-7.7382646	-6.510326	-1.6241941	0.47940224	3.6621861	-0.7995312	-1.6256608	4.11664	3.5771942	9.702065	20.092743	11.713567	148.24330735756286
-496.4001	150.61902	-17.281551	37.614006	-0.37630796	19.440386	25.377003	9.155598	0.41493833	-7.2683926	-6.127682	-14.954345	8.857004	6.223881	-10.786638	2.0777593	-0.4546461	3.2018895	2.1604578	-18.847496	-5.396944	-3.503237	0.34653258	-5.335935	-8.828615	-8.4435005	5.0877	-8.492635	-14.32526	-4.1820087	-5.558348	-7.1859026	2.7503963	-2.843279	-1.3659577	0.6705476	-2.5669649	-2.1728635	0.4720319	5.7252502	17.507456	11.64233	7.9195046	4.085698	-4.573616	154.71245529077322
-511.65002	154.93866	-15.478485	29.268135	-3.2300942	21.240702	24.668743	13.108444	5.8391495	-7.95674	-8.091542	-21.750317	2.8030615	1.6211641	-10.809763	1.474782	5.138786	9.326004	-0.6641096	-17.171286	-1.394987	-3.1146157	2.7397058	-9.764389	-11.693363	-7.9317684	7.460802	-0.90763116	-9.47646	-0.4974171	1.5324005	-2.072363	3.1986573	-8.2805805	-4.136914	-0.33229744	-1.3350036	5.881648	10.200813	18.689535	22.374874	8.934584	-2.2434132	1.5155194	-0.21310407	161.78635916897528
-518.9704	164.06415	-0.64422715	28.258156	-3.306016	22.106104	14.546661	9.86654	15.171988	-2.313168	-6.864151	-12.9644985	6.8238983	0.46663392	-9.974363	0.04463923	8.588126	14.976162	0.078868985	-14.452206	-5.1275454	-9.073349	-2.17076	-3.6309376	-4.51886	-9.827091	-2.9956398	-2.4106264	-6.03228	1.6393614	1.0602171	-0.1522336	5.064865	-2.1569533	0.6074399	-1.0371727	-1.9231818	10.655319	13.808678	12.699131	7.8462915	2.6702662	0.615735	4.01502	3.9493244	181.6011133397908
-542.6943	150.82234	3.5328994	27.546776	1.1985071	33.238625	30.489674	17.050993	10.662159	-1.3477026	-9.180473	-25.127922	-6.297885	-4.4737234	-8.724607	-4.6576977	1.5223304	13.456299	4.417921	-6.1476088	4.4138355	-3.3998444	-2.86862	-10.974449	-8.68332	-1.8232782	6.720619	4.614319	-0.9549877	6.844595	4.533677	2.018925	2.1814427	-2.587123	-0.7293017	0.55626655	2.752195	7.5808926	7.2081203	7.2882247	2.3699193	4.07051	-1.9611676	-2.5044003	-2.6716478	0.0
-584.62286	154.75595	24.78392	24.23209	-1.084572	24.014523	17.619133	9.42334	10.978329	2.3032842	-0.9095353	-15.686905	-6.4640503	1.1662322	-8.25243	-9.068113	-4.325148	8.44194	1.4059035	-12.223911	-1.1730063	0.77219653	2.4332874	2.1952727	0.21879959	1.5425854	3.8685138	-3.4961247	0.38867435	5.4711323	5.081175	2.7980423	12.097738	5.1451445	4.475251	5.067326	3.6018987	5.632469	1.4622197	-4.1554565	-11.173738	-1.1374861	2.270816	-0.91638273	-0.11537337	0.0
-641.5633	122.27197	37.339973	13.450779	-1.257709	28.803251	19.912525	16.160517	9.301388	2.4182124	5.536031	-9.070411	-5.124373	-0.46423984	-9.373079	-3.213068	0.42394695	10.192318	18.893852	3.3135204	4.541971	-2.515329	-0.45542532	2.846964	13.994692	-2.665369	-7.026351	-0.8886874	1.4629741	6.6038656	2.7297668	4.573483	9.077329	0.5437696	5.2041216	3.9709039	-6.4996014	-0.8927438	5.958289	8.489462	4.6474214	1.9645294	-2.8756108	0.53987205	3.8223724	0.0
-660.4258	111.29843	32.527645	12.395229	6.7233047	24.596043	27.019276	17.276295	7.3669376	3.8775005	-5.2817645	-12.041962	-9.077344	-10.358191	-9.592518	0.12970245	7.461035	25.908224	25.32175	8.84934	8.344999	-3.4611645	-0.55606437	4.3654966	16.291313	-1.4856037	-5.20125	5.445731	0.5737877	2.499824	5.229214	1.0193307	5.076475	1.0199338	8.239583	3.8233528	0.8256926	0.8309557	1.9278655	0.35330492	5.176968	-1.6061757	-2.0511413	-1.1183438	-1.9991822	0.0