-496.38083	97.5645	16.693144	37.7732	3.3636758	13.357336	-2.2274182	2.7348652	13.276545	17.730999	6.395478	-4.1222253	9.084637	-5.83814	-6.930812	-15.038668	-4.429033	6.2405114	-2.8318756	-3.8923552	-12.841351	-5.2502337	-1.8346035	0.2387042	0.15142357	0.64504766	3.2813005	-0.63600343	4.278305	3.0417783	-0.9185151	2.6339614	6.6041346	6.514885	1.7346554	0.075681984	2.3780446	-1.4003631	0.1126672	-0.59510875	-1.239908	4.567501	1.8637055	-5.7074633	-7.4453144	0.0
-334.55945	144.21997	-56.39765	28.418596	-23.575932	-9.815271	-5.614907	12.162424	0.3659156	-12.124643	5.198441	0.23848027	0.33911663	1.3310422	4.7078705	-11.566219	9.097882	-6.9359264	-10.487435	9.565441	-13.136692	10.295773	-8.935123	-4.6714873	-8.741236	-5.334251	-9.597681	-3.474844	-0.88039863	-1.0744858	-1.5485921	-4.278846	-7.6257353	-5.219754	-3.4330766	-7.96934	-4.3067985	-0.9811934	-1.3656276	4.0735316	-4.6591377	-0.39121658	-5.1013203	-1.9832475	-0.14674322	0.0
-293.91998	135.67418	-61.980515	12.701265	-20.820488	-0.12978935	0.10700091	-3.0580897	13.752145	20.185463	-10.421274	-3.7786856	12.538506	-0.13682032	3.587079	-7.4688187	4.4874825	-5.950278	-7.168541	5.5659723	-13.335798	-3.814586	-6.3592257	1.8142121	-0.72489285	-4.9209766	0.83414054	-3.3870697	-1.3325186	4.4271564	0.19522804	-4.309123	-9.869313	-2.9912727	-3.8584409	-0.06790221	-3.0448515	-4.5879226	-1.2001297	-7.064977	-11.082863	-4.4761076	2.2351232	-1.4205784	0.71096617	0.0
-274.31586	140.14516	-76.27646	22.157566	-21.105597	12.764286	5.463764	0.59692764	11.368046	18.093466	-14.412893	-16.954517	5.5321627	-7.980748	4.286665	-12.467157	6.2327023	-0.004131943	-0.018951774	3.1521134	-9.936478	6.812919	-6.947274	-8.932007	-6.1094947	-7.2331705	0.3088677	2.473629	1.5391097	3.050715	-0.94405484	-1.357308	-7.300488	-6.8501606	-1.3255571	-3.9794521	-4.1507287	-5.2503414	-2.7008414	1.2422903	-2.9227977	-0.41037112	-1.0726094	2.6714606	-0.7938674	117.16047284579062
-270.5854	125.967285	-90.906075	10.696393	-27.985203	7.4860554	1.2138568	0.24534936	7.6568832	19.16261	-13.843988	-16.459217	9.526791	-8.620829	5.825712	-11.71548	4.71128	-2.528491	-2.6786222	-1.3411932	-10.049152	4.6562934	-4.7259407	-6.666008	-1.4673338	-5.931359	-1.5507613	-1.0576317	-4.0075536	2.333705	-2.0469868	2.6701741	-2.5674977	-1.3669741	-2.0303183	-6.949857	-0.6601584	-2.2553315	-1.4948895	-1.2471039	-3.5276756	-4.1492405	-5.104195	-2.538463	-0.37805825	120.15852372910827
-261.75916	136.84363	-94.69891	24.346508	-31.68583	22.377422	0.11116877	6.5360775	-2.9903326	16.087503	-20.81064	-15.406694	9.307942	-7.5165443	5.7213707	-13.790758	0.9577466	-4.484542	-1.1986814	-2.8015742	-8.467408	1.98479	-3.8596404	-6.2614765	-0.3619575	-3.5086184	-1.7242386	-1.3789239	-8.194548	2.8823123	-3.9439209	1.2438613	-6.104821	-0.71608496	-0.20378137	-3.3511815	1.5080101	-1.231722	-4.7833586	-5.224719	-4.594161	-1.0590941	-1.2932153	-2.104165	1.2241814	116.94387081234775
-254.1234	131.54135	-95.27095	26.098057	-28.930798	25.310455	2.972755	11.009871	6.6464014	27.155582	-13.883751	-7.2641854	11.902033	-9.324893	2.4937778	-17.56253	-0.550498	-2.9544783	-0.5744195	-3.0541668	-7.739308	3.7101574	3.3598795	1.6672075	9.136573	3.4101427	1.3951298	-0.7621193	-7.714883	-0.64790916	-7.6128945	-5.861227	-7.709897	-1.2433686	-0.20327938	-6.749452	-5.611973	-3.1032627	-2.4297192	3.3935914	-0.60447574	0.54955035	-3.8159719	-2.752083	-1.4306915	114.91017351540563
-249.1557	129.97945	-94.18224	24.257902	-32.14285	24.584133	4.5276675	6.9858017	2.680728	23.470205	-19.569927	-5.327484	12.034587	-4.2734723	6.339417	-10.87169	6.878812	-1.275878	0.006015837	-1.4045887	-7.3491497	3.0806742	-2.7969332	-3.7237284	2.9479136	-3.7749517	-0.3614883	1.5616786	-5.3924575	1.8168948	-0.61181855	1.1396945	-1.2361251	-0.24221608	4.7816668	-4.0082235	-1.4956169	-2.6676917	-6.6184177	-2.4897184	-4.4744883	-0.78103733	-5.631592	-6.178122	-3.2675982	113.16245245605647
-250.23868	126.09444	-102.41218	26.433214	-27.220928	28.345314	8.832828	7.1158686	2.2027545	25.382519	-22.545944	-5.6174545	9.327564	-3.5193577	8.094038	-10.571736	9.464125	-0.19449612	-0.3383621	1.1056752	-7.345661	4.688312	-1.6299591	1.3183022	11.764816	0.43485308	3.7688804	0.8786173	-9.158708	-3.5591912	-6.00764	-3.144063	-3.2732873	-7.2063746	-1.9582118	-10.221224	0.2902285	-3.1835015	-11.932301	-4.5963197	-8.312134	0.29990864	-1.0275869	-0.57929003	-2.4972904	112.59565588700289
-242.18668	121.01411	-97.54936	27.155554	-20.521244	17.615257	11.9171095	12.172995	5.7738295	23.458065	-26.007233	-2.3536036	7.4930086	-4.5345006	3.4136777	-14.693454	5.95986	-1.6578777	1.0507865	5.0415263	-6.623755	4.965149	-4.661185	-7.5184197	3.9236403	-0.12564063	1.250894	-0.099472344	-6.1677895	1.4488206	0.26525736	4.5742927	1.4818746	-1.2113848	-0.99927795	-10.580445	-2.3953843	-0.75762945	-2.7311182	0.21877944	-6.2411356	-1.1939572	-3.6547856	0.37397075	0.27968204	111.65003607016601
-235.64566	112.44446	-78.448425	4.6045265	-8.022216	5.0497465	15.702358	-6.242868	5.2434626	15.685661	-24.719273	0.27366215	11.886234	-1.3988119	0.9635597	-11.457928	-1.3374863	1.1501387	3.8771849	0.82896334	-5.8542376	4.164027	-6.8961835	-6.7646484	3.6622114	1.2475734	5.6083407	-1.8928034	-6.6330633	-2.8056843	-2.471732	1.7900591	-4.5013237	-1.2453223	-3.9792712	-7.450385	-1.3676043	-6.0664153	-4.837242	-4.107175	-6.74221	-6.1718893	-6.3355055	-7.5744615	-5.5891414	110.44136647495034
-256.61084	125.57541	-91.91911	12.845762	-16.73496	17.260996	24.006395	1.2507774	10.695144	17.643116	-17.680683	-3.2598872	11.549683	-0.71426564	3.6261983	-7.9939466	-0.94494224	2.317209	3.2999392	1.26264	-4.422467	3.9059865	-2.6298437	-4.6933126	3.9291577	1.0863659	4.028403	0.1924597	-5.7221975	-0.9182908	3.3145394	5.6767564	-0.229532	-2.0597003	-3.6624079	-6.5942183	0.19621879	-0.6506604	-1.9271302	-1.4920009	-4.7027144	-2.0193112	-0.059147656	-1.1767507	-0.9166224	110.45487838852213
-266.2152	134.98122	-107.62682	15.261131	-31.92695	17.95717	11.678192	0.18014364	-0.10376632	19.987936	-17.341774	-0.94290423	16.692837	-4.1821194	7.107236	-13.032932	-0.87578	1.7579204	0.2018938	0.3733232	-10.631379	-0.62142944	-6.1331053	-7.956918	1.8236847	-3.3224907	-1.2337382	-3.3369765	-8.160682	-0.69642997	-1.732988	0.32242632	-5.599682	-4.881857	-3.7278202	-6.100109	2.3153417	-0.16324967	-1.3670222	-2.8785536	-6.7192154	-4.876461	-4.6952987	-8.114453	-6.9730654	110.34710027401854
-249.10382	116.1479	-82.99068	8.147482	-12.940075	16.774868	18.282894	-3.2920356	9.253953	20.887505	-11.482376	-3.3780422	13.171959	-8.673054	-4.097738	-13.439117	-5.031545	2.5334299	-2.2535014	0.5064503	-9.380932	-0.35438022	-3.915934	-3.2956905	6.658189	-0.29283202	-1.3768173	-2.598589	-2.482677	1.0005665	1.996688	0.77583754	-4.605157	-4.6338205	-2.789732	-3.0757303	2.6749816	0.06754315	-3.1911829	0.48259568	1.7452826	8.658749	8.171896	3.611631	-1.0756297	109.56977012691259
-260.83353	122.00067	-85.530655	7.345625	-15.737394	16.667198	16.6858	-3.6602926	7.1969476	13.076433	-18.518723	-11.069731	8.989405	-6.5188074	-2.506618	-11.989473	-6.7152805	3.5846956	0.5562167	0.0055088094	-10.226168	-6.1069975	-7.692131	-8.611731	1.4107292	1.0046306	-2.2988524	-4.59701	-8.530649	-2.30365	2.2633986	0.9976907	-2.0409555	-5.1368446	-2.8875778	-5.697432	1.8313975	-1.3542404	-8.625324	-7.64486	-10.331546	-3.658143	-1.4798716	-0.83096814	1.7820725	108.14544979595105
-272.81522	140.76685	-95.90297	16.156984	-18.616203	22.508888	18.1921	-0.44729167	5.4439793	16.871174	-20.239017	-6.9836154	12.852602	-2.514513	4.454191	-12.744969	-8.188176	-1.0924265	-3.846664	-2.8759205	-9.166394	-3.4837208	-2.4382596	-5.9836254	1.443903	0.17181903	-3.8716936	-3.598534	-10.092915	-3.3284664	5.4405613	3.1979394	3.182776	-5.9944468	-4.626839	-6.621285	2.5108826	7.0115423	1.995384	4.2936463	0.11093378	-0.11349994	-1.5130966	-4.5465674	-1.7674241	108.34687806589335
-229.48135	100.71665	-60.286697	0.2066192	-5.8807287	14.815051	19.461113	-1.06353	11.186453	17.668211	-12.184982	-7.927449	9.337641	0.95541847	-2.2875733	-6.7144756	-9.4724865	1.7887055	3.6286838	0.25970954	-3.8658187	-3.1031535	-2.6428976	-4.8740215	0.08289647	0.6081219	-0.3006667	-1.2810974	-5.428159	-3.7345128	2.6509454	3.755141	1.2598484	-1.4817204	-5.351466	-5.035221	-0.6360145	1.4513667	-2.1173065	-1.9212525	-1.1518815	-0.45372528	2.3352222	1.0614121	0.5133259	108.91558831561375
-238.9831	131.0266	-81.651505	11.985007	-11.970514	-5.096121	16.463234	-4.2099237	-4.5128355	13.939536	-13.517771	-4.7689304	6.5780177	4.807226	5.46266	-8.254861	-5.1649475	1.18734	6.6905684	-3.6737971	-1.5495644	-5.1804113	1.6691682	-0.9546995	3.1338258	3.3665683	-1.9644649	-1.2400067	-7.940628	-2.3416836	4.1006565	6.1551504	3.4259176	-3.6520283	-7.261098	-6.777664	-2.1774912	1.8023913	-0.7451689	-0.7475259	-4.8223963	-2.0817883	0.626595	-1.2895211	-3.5129948	108.61171519944718
-242.96553	108.77005	-78.6779	1.2387586	-9.172167	14.940659	20.289907	-0.25861996	6.156877	13.490856	-14.263957	-3.7282095	5.7523165	-4.764949	2.7341957	-4.9219017	-1.3746861	-0.012639914	3.907968	3.9621866	-9.120998	4.5187826	-2.2398674	-7.8752947	-2.4685535	-4.4394493	-1.5646966	-5.02707	-5.8892837	-1.3307889	5.073192	6.7541223	4.3998055	-2.881589	-2.4512157	-5.050785	-1.1366687	-0.12536824	-3.9872274	-3.9002316	-8.102306	-4.5901427	-2.523147	-1.6836749	-1.0468134	108.89336544881958
-257.50323	133.1189	-105.9789	12.22418	-26.578743	20.783134	9.69476	-3.9429343	-0.7783009	22.504967	-9.0135765	-0.30446273	16.175514	-7.329365	4.5602484	-8.040779	-5.9979177	-1.1038021	-0.08687323	8.091718	-7.975913	-6.881008	-5.1207724	-7.0510654	-0.04430127	-1.462096	-3.0756752	-1.8055352	-5.746871	-5.2438107	9.478058	6.148509	0.8711544	-1.4423312	-3.37419	-3.2369003	-1.5275997	0.09315765	-3.5064552	-1.479692	-0.48114175	0.6778343	-2.2243314	-2.9119406	-2.912161	109.19675722068637
-255.11423	131.54027	-103.12265	8.656498	-21.752728	24.910423	18.841444	0.6522722	3.291223	20.1012	-11.236759	-10.944628	10.967445	-8.047892	7.9501	-5.796527	-4.4131274	4.360457	-4.269188	5.683461	-6.2603216	-2.7800338	-4.251038	-6.0491548	4.332877	1.5334167	-1.0825431	-3.2325516	-8.12925	-5.848134	0.75073755	1.2493265	-1.7044781	-5.0894346	-4.120969	-4.2547045	0.2975109	3.9178119	-6.3433657	-4.4483156	-3.4917715	-5.5413065	-0.7022438	-1.2400928	-2.5743906	109.42885293912124
-258.8884	136.13272	-106.38095	17.498613	-29.829567	26.169348	10.784041	-1.975793	-3.3260689	20.079597	-8.401405	-12.325815	11.508434	-10.303405	6.6956334	-10.0907955	-8.698065	3.0077176	-5.8914046	5.0490723	-8.9624605	-0.04205388	-3.859858	-11.427244	-0.78132355	-2.3668892	-3.7950358	-4.8038297	-5.023824	-0.65563184	6.5746527	4.3915896	0.9957066	-4.133135	-5.500593	-2.4154756	-1.050015	2.3365605	-0.5559019	-2.8244746	-3.0899806	-2.9411545	0.7604784	-2.4768114	-1.5167184	109.90965741413966
-253.4799	125.17829	-90.392746	13.480777	-17.295681	25.481573	19.938744	-4.6173306	-3.3601737	17.615082	-11.313936	-13.720406	9.015818	-8.564923	8.726936	-9.156937	-6.8530426	5.1587954	-0.97409356	4.7352986	-13.136091	-6.347351	-4.924506	-7.0317717	8.119195	7.9055257	5.1626034	-1.1253302	-9.080454	-6.1680307	-1.8913211	-5.3774843	-6.682685	-4.391312	-0.50568485	-0.21425402	0.82442546	0.6403501	-2.6824336	-1.4395993	-4.1279116	-4.3152504	-2.9427607	-3.3253758	-1.1052151	109.55222313898342
-255.08272	129.80965	-93.704834	7.804985	-27.065924	20.646732	17.482157	-2.765612	0.51095533	21.138248	-11.508702	-12.029846	8.803276	-9.582148	4.233895	-14.333561	-11.284855	1.4669186	-4.629717	4.4400187	-13.95426	-6.3813434	-4.9225497	-8.129707	3.2187057	0.22849059	-4.148445	-2.3565059	-8.513059	-1.1329615	5.6730356	-0.38124937	-5.315092	-8.834473	-0.5030054	-1.2631671	-0.8450053	0.83793414	-1.8499324	1.2821574	3.194784	-0.1828407	-0.9839008	-0.8306248	3.8373392	109.74848538145763
-262.61008	135.4434	-91.884384	13.449739	-22.983568	23.63649	19.992887	-6.561036	-3.5278804	18.86547	-12.847881	-10.5945	9.790487	-4.5964017	11.535369	-12.178828	-9.564492	-0.014446378	-2.8276258	9.330933	-10.87693	-1.255582	-2.0070176	-3.9893174	5.3767567	1.4800261	-3.5453973	-0.8186448	-5.9614444	-1.7685175	2.3029008	-3.2932985	-2.8952928	-7.8634367	-1.1512113	-1.7052691	0.7023221	0.0887897	-3.8934708	1.8864222	0.4721173	-4.763408	-3.7269208	-3.6634598	-2.770399	110.34010446446095
-278.8145	139.38425	-96.77284	12.482797	-32.30227	22.719389	18.105911	-7.30453	0.56706893	26.716076	-2.1183372	-5.446806	4.6261787	-10.72538	7.8314257	-9.600042	-3.7376654	5.6020727	-0.14870417	11.529484	-15.29171	-4.9965897	-6.914193	-8.620775	-2.8381133	-8.532789	-10.635927	-4.2326064	-6.7441683	0.657114	6.5989075	5.22824	1.6442499	-3.421021	0.80004996	-0.6394624	0.0198915	1.0204021	-4.899648	-3.8835688	-0.9142254	0.2073434	3.6738186	1.1456823	-2.7015116	111.07458548948503
-291.64062	153.8288	-93.739685	22.00859	-37.845505	27.61767	16.355621	-7.3802605	-8.977915	21.128008	-5.6014204	-1.6500711	6.695238	-11.094751	9.974888	-12.778667	-2.9783897	-3.613312	-3.590954	12.795662	-7.671541	1.4706328	-3.3621254	-4.0735416	5.4713993	-0.8462125	-6.0836253	1.1294047	-4.0904493	2.2116728	0.873636	1.6543357	-1.9333742	-5.6715484	-9.100575	-9.155989	-2.5781078	3.7778788	-0.08690357	-1.8472052	-0.044597328	-5.0732965	-3.0085459	-2.9148955	-2.4473143	110.77779759887305
-305.3937	167.08923	-77.547775	27.576622	-39.43331	24.13269	13.181751	-6.9794235	-3.6104097	24.430939	-1.82372	0.74201584	6.659465	-13.221998	10.564432	-15.485652	-1.3817666	-2.6544223	-2.0775392	14.285341	-6.7911897	4.756924	-1.5726275	-5.7055683	1.9519638	4.640272	1.75647	8.481337	-9.3018675	-3.5666137	-2.3309333	5.2296486	2.2906623	-3.976553	-9.461229	-9.0170355	-0.635975	1.7130464	3.074584	1.2390513	1.6870252	-4.1105804	0.71442246	4.4780273	-3.715302	0.0
-334.27673	173.13553	-69.056335	25.978481	-40.726562	15.894764	12.864569	-9.120125	-7.3167996	24.808048	-3.9673288	5.7593007	4.7434225	-13.774877	11.166388	-12.20659	5.015358	1.0620649	-4.6876273	16.435831	-4.4628153	3.2828524	-5.7536044	-12.441841	4.971561	5.885837	1.8623476	12.327181	-1.5733247	-2.309629	-3.3226743	1.9780433	17.259354	7.450494	-4.9114785	-9.180614	5.2052913	9.075117	-7.396085	-9.804806	-1.3880327	-2.2641299	-3.7498975	-2.245435	-8.136906	0.0
-390.61987	180.16934	-52.730793	31.602411	-33.83165	15.533415	24.443893	-3.5499022	-5.47836	21.350042	4.869718	9.353127	12.6999855	-5.451961	4.1704326	-18.467545	-4.0431385	-3.0374203	-23.812622	10.606035	7.231427	16.39491	-2.9029524	-16.864689	7.803648	6.785965	-13.510879	-7.2532663	0.7549193	10.005503	12.85203	4.0781155	6.6635504	0.28950414	2.5655036	8.914215	2.2556837	-0.37018552	0.94580936	2.5330617	-7.399784	-8.898324	-6.7446537	-5.4410057	-2.9422421	0.0
-479.03226	146.81133	-31.413712	53.354683	12.631746	21.43652	32.16329	8.310708	-25.78674	-0.6034938	-0.46740642	-21.667599	7.8507624	-4.001061	-6.5506897	-0.7908278	5.6924515	10.833862	-0.71122503	4.486327	-6.712376	-0.59633803	1.1432154	-7.0747013	6.914297	4.9194508	-6.2681007	1.5089395	-5.067832	3.041743	2.9194531	-1.1060973	0.5199895	-3.1620154	-0.5735659	-3.2346778	-9.4703045	0.84530103	3.4024973	5.3777947	0.73481035	-9.949381	-4.161272	-1.5390465	1.5695037	118.17249246255822
-474.25095	145.50427	-34.76337	48.368477	4.4426928	11.814461	21.34364	3.0966513	-22.484867	3.516866	5.3465304	-19.800663	8.227381	-10.872925	-12.7505455	0.13601196	5.867897	6.431362	-11.001616	7.901577	-3.1896648	0.59271216	-0.39363107	-14.986242	5.392067	0.23860808	-2.4196396	-1.3977762	-9.195228	2.9405408	-1.0830829	-4.5710053	2.2307763	-2.9972029	6.1018906	1.8228629	-7.481882	-3.0024154	-7.1265626	-3.6096041	-6.0730047	-14.505578	-2.5978107	-4.1615167	-1.1163737	120.47888563574575
-448.0925	129.58768	-20.838114	50.307903	7.7901235	27.440153	26.464565	-1.5646696	-23.988834	1.0215554	9.4956665	-11.849274	5.0111604	-2.518167	-5.2234554	0.5154204	-0.94650537	5.6596775	-2.1210334	3.7582345	-1.608311	0.90980613	-2.1055374	-8.769972	3.4496067	0.2256245	-0.660115	8.534082	-0.55745864	-3.822887	-4.475544	-4.9310718	-0.24454308	-0.71707964	1.5063477	2.943694	-0.8831676	-6.906681	-10.560719	-13.274525	-11.700411	-7.202103	0.0684098	0.023155674	1.5758784	123.32625658589015
-466.6399	142.08398	-33.721153	48.25115	5.964804	27.57923	31.963099	10.619938	-19.006409	-4.45115	-5.164645	-24.40363	7.9552517	-5.9207916	-9.881712	4.260218	3.0531683	9.966877	-10.7721405	-1.7198107	-9.789736	-1.6911106	1.1061532	-8.034872	6.4148617	-1.7553449	-6.9051466	-0.85302955	-8.957099	0.4529699	1.3357776	-4.259245	3.8011642	-0.05403652	0.2005341	-0.1518655	-6.127333	-5.9879217	-6.402485	-3.5802503	1.3311648	-2.2287896	-2.2069604	-6.2382674	-1.5638884	127.38847588441656
-470.7747	146.92365	-27.249357	45.92777	2.638577	22.499374	32.077797	11.434006	-17.81448	-6.714984	-6.720889	-28.014576	5.889229	-7.2850537	-10.745988	3.81355	2.4879658	13.180136	-6.175675	-0.24171367	-8.704472	-0.25918677	1.4138591	-8.473455	3.7224627	1.6314483	-2.7374964	5.0233994	-7.410777	2.0049977	3.1379886	-3.4186268	5.158033	-2.1956124	1.4109017	3.5758553	-0.73728204	-1.8366784	-3.6131854	-0.45070255	-1.7466289	-2.604576	0.6293322	-2.2293868	1.7674842	129.7268935139465
-478.63074	151.73859	-22.853424	43.459923	-0.0872826	21.001818	33.616222	17.758863	-15.183593	-7.087945	-7.785047	-27.893024	10.305183	-7.5059752	-12.362516	8.142647	8.880138	16.65381	-4.688234	-4.784429	-6.9137106	-1.0060619	0.7669997	-12.147732	1.8408543	0.5229096	-1.0604067	7.577358	-9.406528	0.74064076	0.03933561	-6.9195213	2.6246898	-6.4877825	-3.83548	2.9537249	-0.9939472	-0.39713782	-3.7935197	-0.86880183	2.9794614	0.4747051	-1.6520683	-2.3801293	0.8865409	134.1265179199839
-494.65216	142.48013	-24.049576	42.89869	-0.020510912	21.4272	30.161522	14.829292	-17.120161	-12.61329	-12.836922	-27.729368	13.278292	-6.898566	-10.797974	8.419995	9.615398	13.263672	-7.384378	-2.737137	-3.5076394	-0.57536364	-0.47300458	-18.309189	-8.892335	-11.551866	-6.528303	8.318014	-8.8697605	-4.21039	-4.3751993	-12.007473	-6.154253	-13.068652	-7.715329	0.9338162	-3.6504757	-3.755003	-0.37069476	-1.7812183	-6.6327643	-8.076377	-5.1696033	2.7048514	10.237274	137.6367268019122
-507.9962	141.86415	-16.295958	32.095432	-5.6207166	5.4508896	16.71639	15.353497	-9.6837845	8.4999895	1.456178	-3.1755972	16.29026	-5.068048	-3.339487	0.904392	4.7871823	11.145283	-9.899932	-4.3302073	-4.523078	1.1263189	3.774493	-12.259709	-4.0820684	-3.613665	0.7519388	6.514285	-11.233824	-4.736259	-1.6858482	-7.6257477	-9.434267	-13.271609	-14.051578	-7.242433	-3.6495378	-4.3847713	-0.33781672	-0.7852341	-0.28194153	5.9820967	6.4797015	17.115675	17.229969	141.84863718348774
-538.08685	156.03738	0.23710394	34.133667	4.6238966	16.355377	26.197311	18.974247	-1.0890591	3.3011208	-6.3905497	-19.594364	6.106004	-4.5925875	-11.548374	4.571766	-0.7423904	10.535597	-7.6786594	-3.93316	-2.3961177	-3.283227	0.31735927	-9.028807	-1.1195552	-0.5693641	0.3691709	9.058575	-4.68664	0.49152076	-0.803576	-8.197056	0.89924204	4.427309	-6.2188416	-0.41083992	-4.797374	0.24770999	6.7057104	-2.57132	-3.5669427	3.743053	9.713331	19.682545	11.459935	145.74728912796536
-560.52374	155.0647	10.624116	32.68737	11.853865	20.583765	23.828247	23.440632	3.700502	3.9083538	-10.109409	-23.62939	3.827805	-5.0688086	-13.863632	4.9346666	2.9194083	10.045719	-1.8049207	-8.250025	-2.078353	-3.8960836	-2.986977	-9.1377945	2.6061702	0.03703034	0.51458156	5.6756506	-5.338632	4.033881	-0.22848728	-0.32213753	7.5664744	1.3689668	-7.79447	1.202093	-1.7798122	1.1696472	-1.7577419	-5.9516196	-7.561018	5.9953175	20.250877	15.723817	6.258779	149.9148329475168
-593.0879	148.78772	28.18259	27.138634	17.476118	28.00914	15.960564	15.621776	5.2461615	5.5211515	-8.503516	-17.948925	3.6706624	-2.2737975	-1.1794621	3.5321252	-0.733376	10.694773	-8.498295	-15.096792	-3.543901	-4.1383495	-1.5727742	-3.163218	2.1099699	-2.741684	4.1990056	-0.019554079	-7.5465646	-1.1559049	-2.5951455	-0.7517673	3.844938	-0.79986054	-2.4009454	4.4825206	4.9002566	1.3638073	-8.591698	-6.316186	3.5601375	16.871616	18.487432	10.826184	5.477927	155.11512128388196
-612.7563	135.6267	40.872223	30.910889	16.946728	19.844658	15.446505	18.120125	14.274939	14.570145	-0.92089194	-9.951969	1.8495502	-6.291603	-8.490765	2.6410136	-3.2218142	3.6756945	-12.037807	-3.3562465	-2.368408	-8.857109	-4.5331926	-10.578035	-1.9244459	0.50391185	2.3548164	3.465939	-7.838997	-1.241237	-3.8796868	-4.5655956	8.1599045	6.0087824	-5.6920815	-0.903757	-1.684801	0.008899331	0.15223718	1.542433	5.910535	8.191095	4.7326956	1.6512768	-1.0851097	0.0
-622.1499	129.50629	41.725143	39.36979	20.216904	21.871067	16.672852	14.513905	8.006243	10.650761	1.6036536	-11.592436	-3.9927478	-6.089526	-9.494522	5.5576982	10.029883	14.422972	-17.090897	-9.823991	-5.8893766	-2.0091786	-0.6044896	-10.099776	-3.892841	-6.853199	-10.43795	0.29508168	-1.9763513	1.1358912	-6.251763	-4.0419273	2.6302435	-0.864583	-0.4884373	5.29749	-5.5425053	-1.006655	0.6463766	5.2523403	11.545909	6.812192	2.5426493	-7.88114	-8.2733135	0.0
-640.6283	121.63434	38.206444	36.35956	19.185389	26.40509	20.165016	19.110191	8.130808	9.430302	-1.6096603	-12.984641	-1.2574934	-1.9498082	-8.564226	-0.5753957	4.470949	3.8774335	-11.479031	-7.2155657	-6.917219	-5.333876	-7.900608	-9.83518	-0.698072	1.9417229	-10.965504	-4.68582	-3.120519	-7.9691544	-9.056652	-1.7628798	12.401444	0.54567146	-7.9182415	-3.3074868	-5.547591	-1.7383158	5.4838357	5.974307	2.7159047	-0.0065596104	2.9207835	-0.30167776	-8.744139	0.0
-652.8419	111.51155	29.323391	31.401093	27.342846	29.892403	20.37567	22.678806	12.490093	16.605667	11.381624	-2.0876918	-6.644375	-6.8752236	-7.4633274	3.3584049	11.488446	5.6776686	-5.5618153	-12.491289	-15.160726	-11.952272	-7.658114	-3.40438	-1.3019136	-1.1600158	-3.8862288	2.2265422	4.6696463	0.39187992	2.6153052	2.9525723	0.74311996	-6.025671	1.7927748	4.86713	4.171358	-2.6556687	-7.0479383	-7.279688	-0.97319555	5.7183275	-0.08592379	-1.8301104	0.050747633	0.0